28941778 2618
63750886 4390
786205156 4423
63751223 6057
398122415 6778
767568897 13486
201662623 13558
373900644 14471
80338859 14813
398122418 16834
63751235 20455
63750048 21154
869025342 23391
63751320 24972
63749885 25798
150681845 29139
63751037 30520
28936380 31270
28941779 32931
63749891 33584
267606795 33894
779709646 34391
63751229 35567
398122417 37954
63751144 38399
661 39547
770374710 40286
63750815 41927
63751068 41965
63751163 42666
200322968 44440
63750215 45538
63750900 45802
661 46279
398122416 46952
28942089 47787
63750110 51286
28936379 51984
63749851 54192
63750577 55131
63750599 55556
200649783 57340
137891647 58122
137973334 60491
63751141 60965
112176450 1278
1064651 2881
121918243 4279
112176450 4472
111290936 5577
201337954 5719
373697663 5767
111290936 6096
121918240 7477
28940287 8221
145138923 9399
796051928 9548
751590073 10975
113993960 11744
199938613 13645
796856605 14398
138310841 16917
796051932 16964
367543006 18491
752100894 19768
398124292 20618
142637046 21534
374304304 22997
769960006 23357
398122990 24188
104886461 26558
587777149 27304
63750526 27433
28941473 27613
587777265 27835
63750590 28989
367543005 29845
398123127 30056
398124295 31357
398123126 31920
749788626 32404
63750231 32970
370596113 33774
63750666 34697
121918242 34701
587776982 35227
398124296 35377
770167670 35845
767543051 39881
63750231 40610
63750218 42051
387906315 46055
28941472 47505
28940585 47966
369879957 48531
398122990 51154
63749884 51301
28934578 51724
796065306 53046
587777266 53197
143793815 54525
199826652 57824
796051931 57940
386833395 58543
769506424 58826
587777149 59256
528583612 59577
201523601 60171
202142867 60280
121918241 61838
28940286 62238
17847577 34901
180177103 345
864622481 405
121964896 1167
61755320 2037
864622138 2105
786204156 2374
587781457 3183
180177100 3325
730881869 3490
180177099 3670
28934573 3872
515726060 4815
587782081 5399
28934875 5545
730881867 5845
587782443 6118
587776406 6138
587782570 6455
180177111 6687
201907325 6763
587776426 6771
786203245 6793
63749824 7358
397516083 7528
180177124 7919
786203346 8107
794727152 8119
770815049 8178
386833624 8179
767167623 9043
730881865 9726
397515963 9974
587776423 10169
180177102 10371
515726123 10553
587776408 10701
515726122 10926
121912678 11047
587776422 11395
587782232 12196
796053137 12327
730881866 12390
587780206 12551
267608255 13372
864622695 13729
180177084 13953
797045135 14604
515726065 14791
864622192 15108
80358233 15295
587776420 16589
786201773 16750
587781411 17415
28934880 17587
80358221 17838
121909154 17904
180177136 17940
180177121 18001
786203244 18187
121964897 18811
80358219 19436
587776405 19444
587782892 21081
730881888 21281
180177091 21793
104893915 22219
121909153 22586
786203775 22887
515726086 22950
118203997 23163
375882485 23456
587776415 23820
387906588 23930
515726104 24231
387907301 24453
587776412 24911
387907216 25071
387906591 25267
80358217 26022
180177116 26035
864622301 26197
515726126 26276
113994097 26421
587776424 26508
587782005 27141
587781840 27586
587780210 27807
515726117 27928
180177085 28027
587780211 29091
587782531 29121
751415161 29719
587781890 29786
587778584 29841
80358216 30166
63751449 30287
121912680 30295
786204129 30752
515726111 31107
730881872 31213
80358220 32553
786202008 33126
730881876 33152
62625306 33628
121908027 34151
180177112 34682
80358233 34774
587776427 34832
786203382 35570
587782446 36101
180177135 36152
61753238 36199
180177133 36466
515726118 36871
786203399 37142
397514767 38061
180177098 38654
864622498 39003
730881897 39192
180177134 39570
587776428 39681
730881905 40029
180177097 40985
200038418 41031
863224521 41385
730881868 41584
730881884 41705
756660214 41994
587781662 42121
180177090 42187
180177131 42846
121434369 43282
368263958 43401
786202439 43452
587776418 43631
118203999 43869
587776425 43945
786203057 44149
267607142 44263
180177143 44462
180177138 44525
753153576 44658
515726071 44958
587776414 45117
180177127 45594
121912679 45957
387906590 46111
515726073 46918
587776419 47355
515726075 47723
28897696 48577
28904921 49041
587776417 49174
587776527 49332
180177083 49518
41286296 49565
148591292 50013
180177126 50062
180177142 50295
587776409 50772
587776416 50799
730881871 51006
180177122 51488
587782680 51881
587781560 51904
786203714 52026
730881879 52083
62625307 52228
587782050 52327
180177113 52742
786203892 52776
63750875 52915
587776410 53681
515726124 53837
180177132 54072
587776413 54458
587776421 54533
515726091 55065
180177092 55206
387906589 55289
104886460 55412
786204122 56249
515726067 56573
730881870 56598
80358218 56710
515726081 56712
786203488 57230
786203821 58147
764509489 58755
172151858 59027
587776411 60729
118203998 61376
587781697 62086
63750245 62502
77722678 180
28931614 11677
267606809 21929
63750197 22917
121913114 25172
28931614 26876
75790268 52272
121913105 59880
80357277 4
80358959 39
80359032 51
80359306 79
80357569 85
80359298 89
199473684 92
80359528 109
63750540 182
80357665 224
80359491 335
80358815 341
80357754 412
80359563 414
80359329 516
276174833 596
80359613 645
273897655 700
80359670 726
80357985 730
80357850 758
80359738 775
80359673 797
80357548 807
276174876 834
80359261 907
80359303 1054
199473684 1062
273897664 1136
80357443 1137
80358710 1172
80357887 1199
80357605 1305
80357287 1343
80357946 1351
80359630 1367
80359163 1389
80359557 1410
397507419 1451
80358413 1469
80357900 1471
397509248 1485
80357577 1580
80359410 1635
80359740 1735
80357853 1852
80358670 1900
81002897 1971
267607127 1975
80357528 1978
80358158 2051
80359643 2068
41293463 2136
273900710 2140
80359493 2153
80359475 2208
80359364 2209
387906953 2217
80358870 2253
80357579 2341
80357481 2363
80357554 2398
151206121 2547
80359404 2580
80357863 2601
80357620 2631
80357233 2634
80359011 2655
276174846 2716
80359402 2741
80359661 2784
80359675 2793
80357674 2960
80359278 3000
80357566 3015
138837292 3079
80357741 3170
80358435 3246
104894105 3262
80357082 3280
80357317 3379
104893931 3455
80357131 3459
80357437 3475
387906686 3532
273897653 3581
145045861 3748
80356974 3762
80357783 3814
56214919 3821
80357975 3864
80357560 3867
80357715 3868
80357692 3889
80357421 3900
80359667 3933
80357086 3977
11539445 4053
80357858 4098
80357967 4195
80357115 4247
80357546 4284
11540652 4311
5030847 4313
276174859 4354
80357578 4375
80357675 4399
80359321 4426
80358152 4436
80359460 4501
80359708 4533
749893889 4569
28931594 4580
80359765 4600
80357587 4611
80356688 4612
80357118 4704
144104124 4725
28897756 4734
80359426 4763
80358843 4793
80357134 4801
80359327 4802
80359133 4842
80357367 4853
80359622 4870
80357234 4881
80359635 4917
276174867 4935
79728106 4981
80359530 5079
80359398 5082
80359573 5091
80359616 5092
276174903 5111
80357366 5154
80357919 5172
80359421 5200
80358464 5257
80357720 5271
80359401 5337
80359729 5361
199847983 5379
80359438 5417
276174931 5481
80359558 5518
273898674 5586
80357547 5610
120074205 5614
80357924 5648
80357572 5696
80357696 5698
80357650 5716
80357916 5723
80357151 5744
80359389 5765
80357950 5814
121912656 5872
80359101 5886
80357723 5888
80359511 5921
276174901 5964
80359375 5968
273899698 5981
80359394 5989
80358994 6030
80359311 6089
80359348 6091
387906952 6167
62508588 6176
80359657 6195
80359015 6241
41293465 6282
80357621 6286
80359372 6289
276174826 6328
80359494 6340
273899692 6343
80359755 6448
80357842 6476
80357823 6489
80357930 6518
80359346 6577
80357998 6600
80359743 6675
80359149 6744
276174874 6780
80359606 6785
80357798 6801
5030851 6851
80357711 6868
273897658 6891
80356687 6953
80359553 6965
80359315 7025
80359345 7031
80357989 7095
80357978 7106
63751221 7136
80359463 7148
80358757 7168
80359332 7179
41293461 7182
28931593 7192
80359416 7210
267606861 7220
80359399 7229
80358391 7269
80357524 7310
80357970 7460
80359441 7479
80359567 7502
276174823 7506
80356971 7535
80359658 7578
80357725 7686
273899703 7709
80356953 7729
80358638 7735
80357737 7775
80357708 7784
80359470 7789
80359482 7818
80357987 7836
80359199 7850
730881608 7895
80359352 7940
80357600 7971
80359766 7980
80359316 7996
273897659 8032
80356832 8092
80359691 8100
80357709 8116
276174838 8186
80358838 8216
80357673 8287
80359068 8304
80359376 8402
75193786 8437
80359692 8584
80358552 8618
80358806 8653
75660264 8729
80358859 8740
80358498 8741
80359524 8778
80359344 8786
80357756 8804
80359440 8805
80359517 8835
80359516 8867
80357526 8890
80357851 8939
80359712 8940
276174847 8949
80359498 9065
80359681 9080
80359579 9141
80357571 9149
104894730 9160
80357934 9188
80359505 9201
80359262 9229
80359585 9246
80357730 9276
80359336 9314
80357691 9321
80359485 9386
80357508 9433
80357782 9437
80358116 9496
80357532 9516
80356915 9530
80356992 9535
80357635 9562
80356937 9589
80357267 9602
80358556 9605
80357859 9610
80357058 9627
80357904 9653
80359884 9701
140510894 9756
80357942 9761
80359281 9770
80359716 9805
62642926 9812
80358002 9896
80357643 9916
80357974 9975
80358875 9982
80357710 9987
80359634 10037
80359451 10102
80358844 10165
80357765 10177
80359672 10239
80357690 10258
80358658 10278
146818694 10283
80359537 10376
80357633 10386
80358547 10389
80359694 10391
80359501 10437
80357945 10491
80356692 10494
80359025 10512
80358456 10550
80357784 10572
81002862 10596
80357662 10707
80357749 10725
276174813 10733
273897652 10787
80359881 10806
80359154 10825
80357740 10844
80359448 10859
398124484 10901
138491271 10921
104894107 10933
80357594 10953
80359148 11027
80357762 11080
62516092 11097
80359761 11134
80357640 11245
80357471 11246
80359200 11251
80357913 11281
80358735 11383
80358471 11407
80356989 11471
80359330 11648
80358485 11679
80356908 11745
80357903 11791
80359046 11870
121912653 11873
137852949 11887
80359507 11958
276174860 12000
80357990 12099
750524447 12131
80357303 12132
62642941 12152
397507897 12171
121912799 12182
80358856 12201
80357638 12318
80359003 12379
80359350 12401
80357162 12439
80357763 12457
80359646 12482
80359333 12579
80359484 12585
80357826 12627
276174918 12650
80357186 12661
81002798 12675
80359418 12701
104894727 12723
28934873 12744
80357896 12747
80358892 12761
80357878 12771
104893934 12781
80357928 12824
80359334 12830
80357521 12834
28934899 12873
80359309 12875
80359605 12877
80357755 12879
80359584 12888
276174862 12890
80359668 12935
80359752 12967
80359529 13061
28897686 13070
80357870 13148
80357835 13167
273897665 13245
80357947 13247
80359286 13249
80357529 13273
80359499 13280
397507411 13283
398123175 13305
80359696 13322
80357926 13387
80359266 13399
80357627 13425
80357706 13445
80357936 13483
80359467 13503
80359710 13531
80359384 13533
63751207 13537
80359462 13586
80358641 13600
80357890 13614
80359322 13631
141526971 13633
6991 13639
80359574 13640
276174824 13699
15793179 13818
80359369 13858
80359525 13867
80357901 13896
80358831 13917
80357952 13940
80357767 14013
397515937 14118
80359461 14128
80356962 14185
80357296 14187
80359146 14219
398123177 14245
80359349 14251
80357634 14367
80359508 14369
80357284 14382
80359647 14428
80359882 14443
80357813 14445
80359294 14508
80357779 14510
104893935 14560
28897743 14616
281865192 14662
80359279 14699
276174866 14719
80359435 14886
276174839 14987
80357603 14990
80357703 15017
273902792 15048
397507922 15104
80359296 15107
80357616 15124
80359693 15148
5030858 15187
80359297 15210
80357021 15241
80358999 15256
80359428 15262
80358623 15277
80359685 15454
80359707 15477
80358561 15479
397507277 15491
80359331 15495
397509012 15497
80357795 15502
80356928 15504
80357318 15519
80357734 15552
80357382 15626
80357844 15949
80359532 16015
80357609 16046
80358851 16089
730880031 16104
80357688 16192
80358783 16242
80359669 16246
80357912 16259
80356704 16275
276174854 16294
80357292 16324
80357527 16356
80359874 16359
80357516 16388
80357968 16493
80357971 16503
273899706 16532
80357645 16540
80359552 16562
80358778 16606
80359879 16658
397507395 16677
397509339 16679
80357461 16683
80358790 16689
80357553 16723
80356896 16737
80358951 16767
28937907 16815
80359565 16833
80357455 16875
80357687 16880
273900718 16918
80357758 16936
80356925 16979
80359748 17119
80358695 17132
80357550 17138
80358544 17153
80357951 17206
80359666 17217
80359048 17245
80357530 17260
80359554 17287
80359625 17290
80358411 17333
273900714 17340
80357239 17460
80359778 17507
80359341 17615
80359324 17625
80358883 17647
80357892 17657
80357653 17663
80358578 17691
146948377 17693
80357520 17732
63750047 17803
80357570 17806
80338917 17831
80359425 17859
746838237 17900
80357545 17928
80357886 17931
80359771 17943
80356702 18007
80359627 18017
80357960 18026
80359205 18061
80359371 18070
121434492 18093
80359754 18213
80359422 18233
80357804 18275
80359080 18291
28937594 18300
80357468 18358
80357035 18361
80358740 18364
80359320 18377
80359617 18398
55960271 18430
80358711 18461
80359409 18473
80358030 18548
80359050 18653
80359212 18685
80357254 18697
80359623 18712
80358434 18785
80357694 18827
768966657 18836
276174904 18936
80359487 19009
80359566 19039
80358840 19044
4987049 19045
121912651 19062
80356703 19189
80359514 19191
80357727 19262
80357686 19266
80358971 19296
80359175 19318
80357770 19363
80357681 19380
140472905 19460
80357161 19487
80359291 19511
80357557 19577
121912968 19583
80358428 19584
80359609 19623
80357829 19666
80358427 19683
80357528 19716
80357063 19736
80359541 19840
121912652 19850
80357589 19876
80359586 19888
80357761 19927
80359378 19935
273903794 19993
80359434 20012
273898673 20022
80357063 20050
80359370 20100
80359676 20126
80357343 20205
104894105 20213
80359678 20255
80357614 20263
138925964 20326
143232208 20436
80357555 20440
80358474 20469
80357123 20470
80357168 20548
80356891 20649
121908428 20653
397509189 20693
80359211 20703
80357724 20769
80359455 20799
63751615 20802
104894106 20809
80357925 20858
397507918 20866
80357564 20889
81002802 20903
63750047 20905
201082169 20935
28897696 20977
80357472 21000
150676454 21018
80357929 21111
80357879 21144
80359335 21183
587776441 21189
80359466 21262
80358464 21271
80357716 21284
398124502 21322
80357148 21357
80358438 21410
80359564 21419
80358516 21542
80357607 21633
80358901 21635
80358751 21650
80357331 21675
80359151 21694
80358461 21704
80357885 21724
80357854 21828
80357503 21882
5030841 21976
80357106 21986
80359373 21996
80357680 22003
273899707 22041
80359417 22062
80359458 22099
80356866 22101
80359368 22128
80357771 22158
80358650 22168
80357775 22197
80357432 22221
746229647 22239
121912801 22287
80356907 22302
63750217 22305
80357590 22319
80359510 22330
276174868 22341
80357746 22372
80357130 22522
80359338 22523
80359624 22582
80357038 22589
80357068 22599
80357067 22676
80359603 22691
80359626 22779
80358632 22812
80359307 22836
80359534 22854
80358692 22957
80357867 22980
80357722 22990
5030855 23035
80359497 23085
1800747 23104
80357848 23151
80359367 23198
80359400 23250
80357664 23304
80356953 23311
80358717 23330
138249161 23343
