28941778 2618
63750886 4390
786205156 4423
63751223 6057
398122415 6778
767568897 13486
201662623 13558
373900644 14471
80338859 14813
398122418 16834
63751235 20455
63750048 21154
869025342 23391
63751320 24972
63749885 25798
150681845 29139
63751037 30520
28936380 31270
28941779 32931
63749891 33584
267606795 33894
779709646 34391
63751229 35567
398122417 37954
63751144 38399
661 39547
770374710 40286
63750815 41927
63751068 41965
63751163 42666
200322968 44440
63750215 45538
63750900 45802
661 46279
398122416 46952
28942089 47787
63750110 51286
28936379 51984
63749851 54192
63750577 55131
63750599 55556
200649783 57340
137891647 58122
137973334 60491
63751141 60965
112176450 1278
1064651 2881
121918243 4279
112176450 4472
111290936 5577
201337954 5719
373697663 5767
111290936 6096
121918240 7477
28940287 8221
145138923 9399
796051928 9548
751590073 10975
113993960 11744
199938613 13645
796856605 14398
138310841 16917
796051932 16964
367543006 18491
752100894 19768
398124292 20618
142637046 21534
374304304 22997
769960006 23357
398122990 24188
104886461 26558
587777149 27304
63750526 27433
28941473 27613
587777265 27835
63750590 28989
367543005 29845
398123127 30056
398124295 31357
398123126 31920
749788626 32404
63750231 32970
370596113 33774
63750666 34697
121918242 34701
587776982 35227
398124296 35377
770167670 35845
767543051 39881
63750231 40610
63750218 42051
387906315 46055
28941472 47505
28940585 47966
369879957 48531
398122990 51154
63749884 51301
28934578 51724
796065306 53046
587777266 53197
143793815 54525
199826652 57824
796051931 57940
386833395 58543
769506424 58826
587777149 59256
528583612 59577
201523601 60171
202142867 60280
121918241 61838
28940286 62238
17847577 34901
180177103 345
864622481 405
121964896 1167
61755320 2037
864622138 2105
786204156 2374
587781457 3183
180177100 3325
730881869 3490
180177099 3670
28934573 3872
515726060 4815
587782081 5399
28934875 5545
730881867 5845
587782443 6118
587776406 6138
587782570 6455
180177111 6687
201907325 6763
587776426 6771
786203245 6793
63749824 7358
397516083 7528
180177124 7919
786203346 8107
794727152 8119
770815049 8178
386833624 8179
767167623 9043
730881865 9726
397515963 9974
587776423 10169
180177102 10371
515726123 10553
587776408 10701
515726122 10926
121912678 11047
587776422 11395
587782232 12196
796053137 12327
730881866 12390
587780206 12551
267608255 13372
864622695 13729
180177084 13953
797045135 14604
515726065 14791
864622192 15108
80358233 15295
587776420 16589
786201773 16750
587781411 17415
28934880 17587
80358221 17838
121909154 17904
180177136 17940
180177121 18001
786203244 18187
121964897 18811
80358219 19436
587776405 19444
587782892 21081
730881888 21281
180177091 21793
104893915 22219
121909153 22586
786203775 22887
515726086 22950
118203997 23163
375882485 23456
587776415 23820
387906588 23930
515726104 24231
387907301 24453
587776412 24911
387907216 25071
387906591 25267
80358217 26022
180177116 26035
864622301 26197
515726126 26276
113994097 26421
587776424 26508
587782005 27141
587781840 27586
587780210 27807
515726117 27928
180177085 28027
587780211 29091
587782531 29121
751415161 29719
587781890 29786
587778584 29841
80358216 30166
63751449 30287
121912680 30295
786204129 30752
515726111 31107
730881872 31213
80358220 32553
786202008 33126
730881876 33152
62625306 33628
121908027 34151
180177112 34682
80358233 34774
587776427 34832
786203382 35570
587782446 36101
180177135 36152
61753238 36199
180177133 36466
515726118 36871
786203399 37142
397514767 38061
180177098 38654
864622498 39003
730881897 39192
180177134 39570
587776428 39681
730881905 40029
180177097 40985
200038418 41031
863224521 41385
730881868 41584
730881884 41705
756660214 41994
587781662 42121
180177090 42187
180177131 42846
121434369 43282
368263958 43401
786202439 43452
587776418 43631
118203999 43869
587776425 43945
786203057 44149
267607142 44263
180177143 44462
180177138 44525
753153576 44658
515726071 44958
587776414 45117
180177127 45594
121912679 45957
387906590 46111
515726073 46918
587776419 47355
515726075 47723
28897696 48577
28904921 49041
587776417 49174
587776527 49332
180177083 49518
41286296 49565
148591292 50013
180177126 50062
180177142 50295
587776409 50772
587776416 50799
730881871 51006
180177122 51488
587782680 51881
587781560 51904
786203714 52026
730881879 52083
62625307 52228
587782050 52327
180177113 52742
786203892 52776
63750875 52915
587776410 53681
515726124 53837
180177132 54072
587776413 54458
587776421 54533
515726091 55065
180177092 55206
387906589 55289
104886460 55412
786204122 56249
515726067 56573
730881870 56598
80358218 56710
515726081 56712
786203488 57230
786203821 58147
764509489 58755
172151858 59027
587776411 60729
118203998 61376
587781697 62086
63750245 62502
77722678 180
28931614 11677
267606809 21929
63750197 22917
121913114 25172
28931614 26876
75790268 52272
121913105 59880
80357277 4
80358959 39
80359032 51
80359306 79
80357569 85
80359298 89
199473684 92
80359528 109
63750540 182
80357665 224
80359491 335
80358815 341
80357754 412
80359563 414
80359329 516
276174833 596
80359613 645
273897655 700
80359670 726
80357985 730
80357850 758
80359738 775
80359673 797
80357548 807
276174876 834
80359261 907
80359303 1054
199473684 1062
273897664 1136
80357443 1137
80358710 1172
80357887 1199
80357605 1305
80357287 1343
80357946 1351
80359630 1367
80359163 1389
80359557 1410
397507419 1451
80358413 1469
80357900 1471
397509248 1485
80357577 1580
80359410 1635
80359740 1735
80357853 1852
80358670 1900
81002897 1971
267607127 1975
80357528 1978
80358158 2051
80359643 2068
41293463 2136
273900710 2140
80359493 2153
80359475 2208
80359364 2209
387906953 2217
80358870 2253
80357579 2341
80357481 2363
80357554 2398
151206121 2547
80359404 2580
80357863 2601
80357620 2631
80357233 2634
80359011 2655
276174846 2716
80359402 2741
80359661 2784
80359675 2793
80357674 2960
80359278 3000
80357566 3015
138837292 3079
80357741 3170
80358435 3246
104894105 3262
80357082 3280
80357317 3379
104893931 3455
80357131 3459
80357437 3475
387906686 3532
273897653 3581
145045861 3748
80356974 3762
80357783 3814
56214919 3821
80357975 3864
80357560 3867
80357715 3868
80357692 3889
80357421 3900
80359667 3933
80357086 3977
11539445 4053
80357858 4098
80357967 4195
80357115 4247
80357546 4284
11540652 4311
5030847 4313
276174859 4354
80357578 4375
80357675 4399
80359321 4426
80358152 4436
80359460 4501
80359708 4533
749893889 4569
28931594 4580
80359765 4600
80357587 4611
80356688 4612
80357118 4704
144104124 4725
28897756 4734
80359426 4763
80358843 4793
80357134 4801
80359327 4802
80359133 4842
80357367 4853
80359622 4870
80357234 4881
80359635 4917
276174867 4935
79728106 4981
80359530 5079
80359398 5082
80359573 5091
80359616 5092
276174903 5111
80357366 5154
80357919 5172
80359421 5200
80358464 5257
80357720 5271
80359401 5337
80359729 5361
199847983 5379
80359438 5417
276174931 5481
80359558 5518
273898674 5586
80357547 5610
120074205 5614
80357924 5648
80357572 5696
80357696 5698
80357650 5716
80357916 5723
80357151 5744
80359389 5765
80357950 5814
121912656 5872
80359101 5886
80357723 5888
80359511 5921
276174901 5964
80359375 5968
273899698 5981
80359394 5989
80358994 6030
80359311 6089
80359348 6091
387906952 6167
62508588 6176
80359657 6195
80359015 6241
41293465 6282
80357621 6286
80359372 6289
276174826 6328
80359494 6340
273899692 6343
80359755 6448
80357842 6476
80357823 6489
80357930 6518
80359346 6577
80357998 6600
80359743 6675
80359149 6744
276174874 6780
80359606 6785
80357798 6801
5030851 6851
80357711 6868
273897658 6891
80356687 6953
80359553 6965
80359315 7025
80359345 7031
80357989 7095
80357978 7106
63751221 7136
80359463 7148
80358757 7168
80359332 7179
41293461 7182
28931593 7192
80359416 7210
267606861 7220
80359399 7229
80358391 7269
80357524 7310
80357970 7460
80359441 7479
80359567 7502
276174823 7506
80356971 7535
80359658 7578
80357725 7686
273899703 7709
80356953 7729
80358638 7735
80357737 7775
80357708 7784
80359470 7789
80359482 7818
80357987 7836
80359199 7850
730881608 7895
80359352 7940
80357600 7971
80359766 7980
80359316 7996
273897659 8032
80356832 8092
80359691 8100
80357709 8116
276174838 8186
80358838 8216
80357673 8287
80359068 8304
80359376 8402
75193786 8437
80359692 8584
80358552 8618
80358806 8653
75660264 8729
80358859 8740
80358498 8741
80359524 8778
80359344 8786
80357756 8804
80359440 8805
80359517 8835
80359516 8867
80357526 8890
80357851 8939
80359712 8940
276174847 8949
80359498 9065
80359681 9080
80359579 9141
80357571 9149
104894730 9160
80357934 9188
80359505 9201
80359262 9229
80359585 9246
80357730 9276
80359336 9314
80357691 9321
80359485 9386
80357508 9433
80357782 9437
80358116 9496
80357532 9516
80356915 9530
80356992 9535
80357635 9562
80356937 9589
80357267 9602
80358556 9605
80357859 9610
80357058 9627
80357904 9653
80359884 9701
140510894 9756
80357942 9761
80359281 9770
80359716 9805
62642926 9812
80358002 9896
80357643 9916
80357974 9975
80358875 9982
80357710 9987
80359634 10037
80359451 10102
80358844 10165
80357765 10177
80359672 10239
80357690 10258
80358658 10278
146818694 10283
80359537 10376
80357633 10386
80358547 10389
80359694 10391
80359501 10437
80357945 10491
80356692 10494
80359025 10512
80358456 10550
80357784 10572
81002862 10596
80357662 10707
80357749 10725
276174813 10733
273897652 10787
80359881 10806
80359154 10825
80357740 10844
80359448 10859
398124484 10901
138491271 10921
104894107 10933
80357594 10953
80359148 11027
80357762 11080
62516092 11097
80359761 11134
80357640 11245
80357471 11246
80359200 11251
80357913 11281
80358735 11383
80358471 11407
80356989 11471
80359330 11648
80358485 11679
80356908 11745
80357903 11791
80359046 11870
121912653 11873
137852949 11887
80359507 11958
276174860 12000
80357990 12099
750524447 12131
80357303 12132
62642941 12152
397507897 12171
121912799 12182
80358856 12201
80357638 12318
80359003 12379
80359350 12401
80357162 12439
80357763 12457
80359646 12482
80359333 12579
80359484 12585
80357826 12627
276174918 12650
80357186 12661
81002798 12675
80359418 12701
104894727 12723
28934873 12744
80357896 12747
80358892 12761
80357878 12771
104893934 12781
80357928 12824
80359334 12830
80357521 12834
28934899 12873
80359309 12875
80359605 12877
80357755 12879
80359584 12888
276174862 12890
80359668 12935
80359752 12967
80359529 13061
28897686 13070
80357870 13148
80357835 13167
273897665 13245
80357947 13247
80359286 13249
80357529 13273
80359499 13280
397507411 13283
398123175 13305
80359696 13322
80357926 13387
80359266 13399
80357627 13425
80357706 13445
80357936 13483
80359467 13503
80359710 13531
80359384 13533
63751207 13537
80359462 13586
80358641 13600
80357890 13614
80359322 13631
141526971 13633
6991 13639
80359574 13640
276174824 13699
15793179 13818
80359369 13858
80359525 13867
80357901 13896
80358831 13917
80357952 13940
80357767 14013
397515937 14118
80359461 14128
80356962 14185
80357296 14187
80359146 14219
398123177 14245
80359349 14251
80357634 14367
80359508 14369
80357284 14382
80359647 14428
80359882 14443
80357813 14445
80359294 14508
80357779 14510
104893935 14560
28897743 14616
281865192 14662
80359279 14699
276174866 14719
80359435 14886
276174839 14987
80357603 14990
80357703 15017
273902792 15048
397507922 15104
80359296 15107
80357616 15124
80359693 15148
5030858 15187
80359297 15210
80357021 15241
80358999 15256
80359428 15262
80358623 15277
80359685 15454
80359707 15477
80358561 15479
397507277 15491
80359331 15495
397509012 15497
80357795 15502
80356928 15504
80357318 15519
80357734 15552
80357382 15626
80357844 15949
80359532 16015
80357609 16046
80358851 16089
730880031 16104
80357688 16192
80358783 16242
80359669 16246
80357912 16259
80356704 16275
276174854 16294
80357292 16324
80357527 16356
80359874 16359
80357516 16388
80357968 16493
80357971 16503
273899706 16532
80357645 16540
80359552 16562
80358778 16606
80359879 16658
397507395 16677
397509339 16679
80357461 16683
80358790 16689
80357553 16723
80356896 16737
80358951 16767
28937907 16815
80359565 16833
80357455 16875
80357687 16880
273900718 16918
80357758 16936
80356925 16979
80359748 17119
80358695 17132
80357550 17138
80358544 17153
80357951 17206
80359666 17217
80359048 17245
80357530 17260
80359554 17287
80359625 17290
80358411 17333
273900714 17340
80357239 17460
80359778 17507
80359341 17615
80359324 17625
80358883 17647
80357892 17657
80357653 17663
80358578 17691
146948377 17693
80357520 17732
63750047 17803
80357570 17806
80338917 17831
80359425 17859
746838237 17900
80357545 17928
80357886 17931
80359771 17943
80356702 18007
80359627 18017
80357960 18026
80359205 18061
80359371 18070
121434492 18093
80359754 18213
80359422 18233
80357804 18275
80359080 18291
28937594 18300
80357468 18358
80357035 18361
80358740 18364
80359320 18377
80359617 18398
55960271 18430
80358711 18461
80359409 18473
80358030 18548
80359050 18653
80359212 18685
80357254 18697
80359623 18712
80358434 18785
80357694 18827
768966657 18836
276174904 18936
80359487 19009
80359566 19039
80358840 19044
4987049 19045
121912651 19062
80356703 19189
80359514 19191
80357727 19262
80357686 19266
80358971 19296
80359175 19318
80357770 19363
80357681 19380
140472905 19460
80357161 19487
80359291 19511
80357557 19577
121912968 19583
80358428 19584
80359609 19623
80357829 19666
80358427 19683
80357528 19716
80357063 19736
80359541 19840
121912652 19850
80357589 19876
80359586 19888
80357761 19927
80359378 19935
273903794 19993
80359434 20012
273898673 20022
80357063 20050
80359370 20100
80359676 20126
80357343 20205
104894105 20213
80359678 20255
80357614 20263
138925964 20326
143232208 20436
80357555 20440
80358474 20469
80357123 20470
80357168 20548
80356891 20649
121908428 20653
397509189 20693
80359211 20703
80357724 20769
80359455 20799
63751615 20802
104894106 20809
80357925 20858
397507918 20866
80357564 20889
81002802 20903
63750047 20905
201082169 20935
28897696 20977
80357472 21000
150676454 21018
80357929 21111
80357879 21144
80359335 21183
587776441 21189
80359466 21262
80358464 21271
80357716 21284
398124502 21322
80357148 21357
80358438 21410
80359564 21419
80358516 21542
80357607 21633
80358901 21635
80358751 21650
80357331 21675
80359151 21694
80358461 21704
80357885 21724
80357854 21828
80357503 21882
5030841 21976
80357106 21986
80359373 21996
80357680 22003
273899707 22041
80359417 22062
80359458 22099
80356866 22101
80359368 22128
80357771 22158
80358650 22168
80357775 22197
80357432 22221
746229647 22239
121912801 22287
80356907 22302
63750217 22305
80357590 22319
80359510 22330
276174868 22341
80357746 22372
80357130 22522
80359338 22523
80359624 22582
80357038 22589
80357068 22599
80357067 22676
80359603 22691
80359626 22779
80358632 22812
80359307 22836
80359534 22854
80358692 22957
80357867 22980
80357722 22990
5030855 23035
80359497 23085
1800747 23104
80357848 23151
80359367 23198
80359400 23250
80357664 23304
80356953 23311
80358717 23330
138249161 23343
104894108 23352
80358998 23387
80358595 23432
63750347 23497
121912807 23518
62514952 23545
104894105 23591
80359474 23681
80357840 23739
80357907 23756
80359598 23821
276174912 23919
398122531 23963
80359652 23972
80359408 24046
62625308 24125
80359283 24128
80357552 24163
80357972 24208
80359615 24219
80357522 24223
104893930 24229
80357824 24243
794727444 24351
80359724 24367
80357397 24438
80359365 24570
80358620 24579
76763715 24584
80357642 24595
80359601 24597
80357433 24636
80357927 24645
80356889 24650
80359287 24666
80359144 24668
56253082 24675
80358828 24683
276174896 24716
80359374 24729
80359539 24734
80357743 24784
276174897 24856
80357646 24909
80359750 24957
80358810 25023
80359572 25072
80357832 25094
80357424 25141
80359570 25162
80357598 25171
193922372 25184
80357981 25222
80359431 25228
80359454 25232
80359760 25305
80357145 25337
273898681 25351
80359767 25477
80359272 25495
80357856 25522
80359393 25653
80358884 25689
80357774 25693
80359621 25784
80357356 25825
80357490 25869
80357456 25923
80357847 25932
273898679 25959
80356879 26048
80357534 26101
766310671 26107
267607130 26182
80357573 26183
80357654 26264
143340609 26383
80359521 26399
80359456 26405
80359620 26433
80359183 26460
80357923 26465
80357647 26539
397507246 26546
59172778 26556
149284013 26600
80359594 26695
80357089 26708
80357893 26709
5030843 26791
104894408 26884
80357618 26937
80359285 26938
80357352 26954
80357777 26964
80359679 26969
80357207 27019
62642932 27117
80359423 27119
80359397 27152
80359430 27189
80357613 27192
80357883 27213
80357666 27273
80359230 27318
80359704 27334
276174857 27338
80359419 27375
80359302 27471
80357744 27578
80357347 27605
80357796 27621
80356881 27625
143396368 27642
276174822 27656
72555391 27659
28929485 27661
80359406 27673
80357369 27687
80357794 27699
118203925 27749
121912666 27784
587777372 27802
80359496 27840
80357894 27942
80357565 27973
80357874 27984
80359684 28078
80357963 28176
80359546 28281
80359649 28297
80357753 28348
80359575 28361
80359477 28447
80357891 28579
80357977 28647
273900730 28742
80357877 28761
80357510 28814
80359276 28896
80359651 28966
80359275 29023
140987490 29035
80359583 29042
80357766 29097
80358533 29141
80357481 29155
80359304 29240
80357608 29268
80359273 29337
80357751 29346
80357556 29351
80359543 29383
80357846 29406
5030853 29445
80359745 29448
80359140 29486
387907571 29494
80359267 29505
80358663 29557
80358721 29564
80357260 29644
80359659 29679
80357817 29738
369925690 29778
80357671 29797
80359270 29878
80357800 29884
80357083 29886
80359523 29957
80359506 29969
80357649 29994
273899701 30027
80357750 30085
80356982 30087
80357932 30089
276174914 30091
80357759 30112
80359062 30157
80359875 30160
80357632 30164
267607129 30193
80359654 30276
80357868 30298
80357648 30398
80359535 30399
80358494 30451
80359356 30452
80356945 30472
80359531 30496
63749873 30498
80357602 30542
80357644 30656
137852971 30658
273900736 30701
80357624 30758
80358615 30765
80359614 30802
80357262 30841
80357204 30873
80357541 30924
80359299 30937
80358543 30979
80357714 30994
80357659 31040
80357610 31044
147211454 31055
80357864 31117
80357803 31121
5030861 31189
80359102 31226
80359723 31229
80357519 31237
80357672 31255
80359319 31280
80359764 31330
80359607 31428
80359388 31483
80357699 31484
587776650 31501
80356868 31602
80359170 31632
80357006 31678
104894729 31712
104894404 31717
80359742 31718
80357536 31725
80358920 31737
80359292 31746
80357940 31773
80359347 31805
80358981 31822
139616452 31834
398123489 31848
80358472 31978
80357505 31993
80359424 32001
80359735 32071
80359880 32111
80358573 32117
104894408 32156
80356969 32165
80357684 32202
80357869 32215
80359284 32221
80359533 32298
80359207 32324
80357005 32342
273899705 32350
80359637 32367
121912657 32405
80357418 32411
80357781 32466
80359662 32506
80357591 32619
80358515 32633
80359732 32675
80359353 32681
80356706 32761
80359357 32766
80359318 32844
80359380 32865
80357531 32890
276174913 32905
113812345 32940
80359650 33004
5030849 33018
80357819 33048
421016 33095
80357837 33121
80359513 33183
273899700 33217
80359596 33225
80356952 33279
80358546 33291
80359689 33300
80357732 33318
276174864 33341
80357915 33373
80357999 33463
80359385 33468
80359486 33580
5030860 33600
15793179 33609
80357321 33657
80359589 33749
80359701 33750
80357838 33758
80357682 33842
121912662 33938
28939383 33990
80358943 34019
28897743 34044
80357917 34229
80359690 34329
80359576 34335
80359503 34338
80359747 34490
80357857 34535
80357537 34552
80357559 34557
80359317 34640
80357956 34671
397507285 34707
80359547 34713
80359719 34717
80359121 34748
80357747 34807
80357876 34847
80357504 34879
80359592 34887
80359757 34906
80359569 34907
760222236 34913
141935559 34915
80359686 34997
80357948 35072
80357888 35183
80356936 35194
80359600 35226
80357735 35235
80357405 35284
80357229 35287
80357833 35345
80357873 35393
80358504 35414
80359325 35421
80359310 35436
80357581 35526
149724959 35569
80357808 35614
80359480 35637
80359872 35652
80357980 35704
397507761 35717
80359450 35727
80357278 35747
80357843 35748
80358936 35821
80359562 35904
80359483 35957
80357812 36002
80357922 36073
80359390 36221
80357011 36247
113812345 36262
770318608 36263
80357282 36332
80359269 36450
80359351 36527
80357955 36538
80357921 36540
80359339 36647
28897756 36655
80359638 36726
80359473 36729
104894728 36739
80357862 36802
80358152 36804
80357538 36813
273899687 36853
55650082 36911
80357595 36918
80357701 37047
80357018 37099
80357935 37133
80358429 37213
145854903 37230
80358644 37237
138034837 37261
80357663 37353
80358864 37363
80359439 37380
80357338 37410
80357658 37440
80359536 37503
80357597 37522
80357793 37523
80357726 37551
80359727 37556
80357563 37608
80359674 37671
397507906 37676
80359293 37703
80357920 37714
80359671 37728
80359636 37729
80357828 37803
80359639 37810
80358913 37826
80359744 37851
80359591 37866
786202798 37881
56329598 37935
63750875 37968
80359653 37977
80359263 38207
80357641 38214
80357712 38238
80359197 38274
80359664 38300
80359706 38314
80338917 38327
80359526 38346
80357954 38353
80357657 38472
80357543 38515
72561723 38526
397507658 38582
199474818 38586
80357845 38635
80357816 38711
80359599 38792
80357139 38831
276174814 38834
77804083 38872
28931594 38878
80359396 38882
276174861 38897
80357449 38995
80357821 39007
80359611 39040
80357778 39067
80357295 39180
80357695 39188
199531851 39199
80357670 39220
104894108 39287
80359709 39288
80359210 39341
80356935 39370
276174889 39426
80356875 39472
80357419 39521
80357937 39564
80359753 39584
80359597 39586
80357604 39603
80357704 39643
80356904 39657
80357865 39661
80357841 39674
80357899 39684
80359391 39727
62625303 39732
80357069 39755
80357485 39761
80357939 39861
80357377 39934
148698100 39939
273898676 40035
387906955 40115
267607128 40163
81002874 40192
80357512 40203
80358529 40256
80357992 40261
80357996 40362
80357908 40367
80357733 40401
80359500 40437
80359359 40438
80359471 40444
397507977 40497
28934577 40505
80357417 40582
80357745 40618
80359361 40640
80357223 40652
80358631 40655
41293477 40719
80358785 40741
28933396 40833
381737 40836
80357768 40842
80357055 40899
80359518 40926
80357918 40960
80357801 40972
80359559 41012
80357760 41015
80357392 41041
80359885 41066
80359527 41068
80359288 41088
80357871 41125
80357791 41179
80358825 41233
80357592 41282
80359180 41300
80359465 41307
80359660 41431
80357381 41481
28929485 41594
80359677 41641
80357693 41717
80357631 41754
80359577 41784
28931594 41945
121909567 42054
119483085 42061
80358419 42088
41293463 42111
80357514 42124
80356893 42131
80357897 42278
80357458 42288
80356984 42353
104894108 42367
80359118 42400
80357596 42422
80359628 42432
80357882 42494
104894410 42502
276174910 42528
80359540 42544
80357350 42590
11571658 42592
80359769 42594
80357298 42603
80357269 42605
80357906 42640
273900721 42676
80359705 42679
80356693 42693
193922376 42759
786204172 42838
80357279 42888
80357787 42989
80357630 42993
62642933 43083
80357748 43087
80357259 43132
80359612 43154
80359619 43226
80357986 43334
80359568 43415
80357830 43441
80359200 43448
387906954 43519
80357764 43555
80357219 43584
149229839 43629
149335881 43654
80357797 43659
80359337 43741
80359099 43838
80357718 43920
80359271 43990
80357943 44004
80357426 44067
80359512 44072
80358928 44088
80357827 44114
80357933 44135
80357661 44142
80359756 44215
80359452 44218
80357957 44291
80358659 44362
80357689 44366
276174819 44367
80357402 44411
80359751 44436
80357625 44561
80357652 44576
80357728 44754
80357660 44766
80357628 44768
80357304 44859
80359115 44887
62642941 44901
104894299 44919
80359395 44997
386134270 45006
80359608 45153
80357220 45183
121912805 45271
80357626 45373
276174843 45441
80356872 45470
80359725 45497
80359519 45511
80359759 45526
80357717 45531
80358652 45549
80358547 45725
104894725 45788
80357965 45820
80357507 45842
80359587 45853
80359538 45864
80359387 45915
80357880 45956
80359058 45968
387906563 45998
76871093 46095
273903793 46126
63749831 46132
72561723 46196
80358946 46229
80359464 46373
80357825 46389
80359481 46423
144610605 46431
80357391 46441
80356885 46545
80359697 46552
80359555 46591
80357884 46645
80357506 46678
80357914 46687
80358518 46702
80357010 46727
80357938 46729
80359312 46751
281865117 46796
80358593 46809
80357861 46841
80357615 46858
80359444 46916
80358030 46941
80357866 46949
80357542 47120
273900728 47205
80359601 47213
80359004 47222
28931594 47228
80357656 47366
80359734 47443
80359721 47512
80359702 47534
80359489 47559
80359488 47574
786204454 47618
80357739 47621
80357536 47645
80359377 47669
273897662 47682
80359714 47804
80357305 47950
80357575 47967
80358785 47977
80359878 47996
80359502 48039
80356991 48063
80359134 48070
80359222 48082
80359112 48097
80358538 48109
80359726 48118
80357655 48239
80357574 48240
80357511 48301
80359633 48323
80357994 48324
80359313 48475
587777373 48497
80357855 48525
67284603 48559
273899699 48587
80357902 48622
80358683 48701
80358814 48711
80359515 48755
200511261 48766
276174875 48777
80359420 48792
137852946 48797
80357683 48803
80357811 48965
80357533 48990
80359680 48995
41293511 49026
5030857 49125
80356684 49130
80357944 49148
80358503 49185
80357440 49187
80357551 49200
80359604 49268
80356999 49308
80357836 49340
80359403 49342
35095275 49363
80359457 49453
80358746 49493
80357248 49520
80356932 49558
80359260 49562
276174811 49563
80357178 49599
5030846 49622
80359289 49686
80359733 49697
80357860 49729
80359447 49744
62516095 49776
80358455 49796
80357910 49823
80359301 49852
80359720 49882
80359731 49887
80357685 49892
80357966 50039
121908010 50058
80359695 50083
80357518 50091
80357637 50135
80359459 50146
80358824 50188
80357799 50213
113993961 50224
397508866 50236
80357707 50403
80357698 50440
80359234 50446
752537626 50532
80357731 50569
63750710 50600
80356697 50602
80357979 50627
80357790 50629
80359436 50679
80357009 50703
80359405 50819
80357678 50837
80359433 50888
80357700 50924
81002874 50925
80358721 50990
80357636 51110
200378205 51119
80359468 51204
104893922 51225
515726215 51253
80357895 51343
80357599 51360
80359542 51362
142133355 51385
80359383 51434
80357984 51627
80359323 51653
80359665 51779
80359386 51860
80357889 51882
80359415 51906
786204618 51995
41293497 51996
587777371 52011
80357611 52043
5030850 52118
80359645 52127
121913626 52171
80359739 52190
28931610 52201
80359328 52243
80359449 52294
273902775 52358
80357810 52373
80359687 52392
80357004 52489
80359479 52566
80357736 52568
80357583 52585
80356951 52669
80359746 52760
80359144 52851
80358993 52853
80357549 52892
80357562 52908
80357617 53061
80357742 53084
80357349 53187
80357497 53227
80358641 53249
80359472 53319
80356903 53343
80357622 53449
80357211 53543
80359522 53624
80359490 53736
80357006 53767
80359758 53810
761550284 53857
80356864 53980
80359411 54030
80358002 54049
80357558 54060
80357136 54130
80359295 54137
80359469 54154
80357820 54159
80358754 54202
80359663 54204
148443992 54255
80359550 54317
80357997 54319
80359715 54430
80358579 54468
80357585 54472
80357513 54501
276174825 54581
80358767 54694
80357772 54738
276174890 54782
80357962 54796
80358557 54800
80356923 54827
63751109 54873
80359644 54931
276174907 54955
80357991 55009
273901753 55076
200179145 55102
273900731 55137
80357427 55141
80357385 55148
80359741 55246
80359683 55247
80359365 55309
80357544 55318
80357786 55350
80359412 55351
80357601 55355
869025606 55383
80359631 55435
80359022 55438
80358807 55452
276174815 55485
80357881 55490
80359355 55543
80359478 55545
80357802 55576
80359354 55618
80358476 55630
80359545 55657
80359632 55696
104893932 55773
80357372 55777
121912664 55804
80359326 55805
80359381 55840
276174902 55872
80359582 55911
80357567 55976
80356973 55990
80357515 56003
80357215 56019
80356888 56066
80359722 56083
80356997 56090
80359282 56112
80357291 56129
80358648 56131
80357502 56147
80359590 56189
80359308 56200
80359728 56208
80356891 56295
80359717 56322
80357805 56388
80357719 56393
80359580 56422
45580035 56472
80359713 56484
80358763 56499
80357905 56527
80357822 56536
80357964 56557
80356978 56600
80357959 56606
80357729 56629
80358997 56685
41293497 56726
397509050 56797
80357702 56798
63749939 56836
80357969 56855
80359379 56861
80357584 56909
80359642 56964
80359762 56992
80357982 57176
80357872 57212
80357496 57229
5030852 57289
80358719 57310
80359016 57327
80357619 57451
80357773 57550
276174900 57582
771489305 57592
138446138 57600
80357509 57608
748573754 57631
80357679 57700
80359156 57711
80359437 57732
80357639 57744
80359314 57756
869025606 57845
138471431 57927
80359700 57954
80359648 57967
80357831 57980
121912663 58044
80359737 58073
80359264 58091
81002836 58129
80357993 58180
80359770 58260
80359629 58299
80359476 58307
80357310 58317
80359340 58384
80357849 58442
80357815 58448
63749932 58473
80357909 58496
80356947 58556
276174853 58606
80359509 58622
80357961 58629
276174842 58631
104894412 58637
80359763 58639
80359392 58749
80358579 58751
80359544 58754
80359718 58783
397507829 58823
273900717 58835
80359610 58854
587777374 58872
15793179 58888
80357568 58946
80358158 58962
80357355 59044
273897663 59051
80357941 59179
80359876 59216
76296470 59245
80359656 59283
276174865 59310
80359265 59315
80359777 59334
80359492 59365
80359730 59414
80359641 59535
80358069 59540
80357785 59554
80357769 59576
80357776 59627
80359268 59651
80359520 59686
80359443 59706
80358116 59712
80359305 59729
80357668 59739
80357612 59759
80357788 59849
267606861 59893
80359358 59908
80357623 59942
80358972 59988
80359277 59990
80357561 59996
80359427 60035
137852944 60036
80357676 60058
80357780 60083
80357809 60108
80359548 60127
80358407 60247
80359495 60278
80357118 60434
80359453 60460
80356898 60464
5030868 60477
80358116 60519
80359560 60617
80358532 60709
80357539 60766
80357814 60775
80359877 60796
80357346 60798
80359593 60863
80357525 60933
80359688 60958
80359699 60970
80357705 60981
80357517 61017
80357789 61039
80359549 61056
142157346 61079
397507409 61109
80358893 61170
80359280 61209
80359300 61250
374635469 61271
80359571 61325
80358452 61384
80357580 61386
80359561 61389
80357251 61417
80356950 61457
80359343 61459
80357792 61551
80359274 61559
80359618 61560
80357953 61566
80357697 61593
80359159 61663
80359070 61676
80357911 61710
80357071 61737
587780653 61755
62514953 61757
80357834 61778
80359711 61783
80357208 61793
80359342 61798
80359192 61802
80357738 61844
1800747 61879
80358789 61894
276174852 61902
80357523 61988
80359871 62015
80357133 62035
80357535 62040
80359556 62056
80359551 62062
80359616 62214
80359595 62228
80358809 62331
397509136 62338
80357806 62355
80359578 62370
397516074 62395
80358665 62507
41293463 62528
80357401 62556
276174871 62559
80357540 62616
80359446 62649
80357444 62654
80357852 62673
80357949 62682
80357818 62693
80359382 62710
77722678 9038
797044936 25969
121913333 32406
397514705 44009
1801175 140
121434281 411
80338909 429
80338901 490
587782750 491
120074117 494
121964878 843
397507736 1271
121964877 2124
6471 2159
267607127 2442
28933693 2533
386834233 2552
41293455 2586
28937590 2608
764328696 2717
55770810 2910
104886457 3041
587776398 3378
119466000 3480
121917761 3598
373885654 3892
746834149 4050
764328696 4175
63751612 4505
104894725 4839
76992529 5102
730881673 5125
111033260 5382
104894729 5557
373297713 6023
121912713 6734
67666821 7202
121434282 7206
786202033 7522
41293455 7588
397509367 7667
758452450 7921
587783050 8207
118192171 8405
587781276 8875
786202151 8987
60934003 9198
113388242 9206
118204111 9703
606231175 10674
121965063 10785
121908937 11038
28934575 11259
118204099 11269
118204109 11692
118204120 12051
151344503 12165
172149856 12485
104894724 12505
80338908 12787
387906745 12814
111033258 12896
587780784 13339
201552310 13402
28934895 13418
7755898 14201
121965064 14523
587782359 14925
28940868 15481
121964874 15543
63749939 16057
147077598 16158
120074176 16196
121965075 16395
118204116 16442
28936383 16615
334 16633
76992529 16800
80338848 17160
121908936 17781
387906289 17826
28930068 18206
45515894 18500
1111033307 18601
28937316 18667
118204096 18726
80338909 19035
28940871 19498
17847577 19523
9378251 19872
121918517 20062
7769409 20794
730881673 21007
267607130 21846
144467873 21922
137852695 22073
121908007 22336
63750540 22785
587778134 23560
118204113 23945
63749932 23996
63749811 24081
118204101 24108
104894724 24256
118204097 24440
28934576 24542
121908008 24873
118204094 25323
45546039 25709
61750420 25777
786202290 26554
63751615 26927
151344506 27197
118192168 27225
80356682 27379
267607128 27552
45517258 27626
104895094 27693
373885654 28882
76173977 29130
6476 29246
63750691 29654
5030859 29962
28939086 30436
28940871 30555
730881673 30722
80358979 31009
80356708 31146
80338895 31340
28939068 31404
863224505 31513
777948908 31633
137852696 31684
63750451 32110
72552756 32769
57520892 32824
63750743 32898
730881653 32977
587783047 33133
777295041 33231
63750217 33415
515726175 33497
121964875 33703
121964876 33738
80356489 34001
587776716 34142
63751109 34218
80356491 34234
751570838 34756
12720459 34759
72554632 35789
72552754 36169
72552758 36177
104894097 36233
113169049 36501
104894724 36676
118204107 36851
80338899 37378
35572355 37458
193922916 37584
41309764 37629
104886459 37761
118204114 37796
774277300 37811
75527207 37920
118204104 38058
104894724 38121
104895093 38337
76917243 38767
63750743 39494
786203752 39855
104894728 39926
118204110 40041
786201045 40133
386834234 40535
267606757 40747
63750710 40937
80358015 41779
72552757 41940
112019125 42122
515726174 42423
6475 42709
28930069 42740
104886456 43264
118204115 43279
1800586 43635
111033199 43819
121907890 43932
41309764 44236
61752717 44370
118204095 44649
121908009 44843
6445 44851
137852700 45029
61732874 45096
28934576 45318
28939068 45762
104895097 45823
587783048 45882
786201058 46491
12720459 46522
774277300 47360
587780787 47712
387906510 47824
786203576 47825
267606712 48227
63751221 48354
104894730 48856
77931234 49235
151344504 49295
28937900 49545
112205661 49667
1805137 50182
587782798 50474
121434280 50639
111033244 50706
112019125 50725
81002858 51093
587777695 51674
104894727 51863
118204112 51924
28940574 51998
121913333 52185
116093741 52526
80358019 52664
118204105 53057
121917761 54113
80358019 54543
118204100 54625
121912617 55498
386833969 55667
121434492 55868
118204117 56223
80338794 56746
80356680 56913
267607129 57125
118204108 57129
587780113 57362
45517179 57464
118204098 57595
28933375 57742
113169049 58131
587780537 58332
120074124 58710
113388242 59196
121908362 59286
79761867 59422
373715782 60125
118204106 60368
140291094 60438
80338898 60500
864622655 60548
80356769 60612
55770810 60720
80356681 61133
869312034 61624
118204103 61828
151344505 62414
28936415 62643
28942111 27344
11591147 30572
1135824 36961
121964972 51800
28942112 53831
193922494 60102
61884288 14856
79556279 18631
79556279 62030
121908042 2
121908337 111
763073466 192
570942190 299
763625913 306
774069731 409
532781899 507
386833676 600
121964854 665
121908338 756
28942084 791
63750899 824
28357092 833
730882089 872
377767351 1063
104894654 1162
199476102 1209
28942082 1238
121909529 1285
373646964 1348
80338939 1399
199476101 1578
6152 1599
45515894 1676
5030859 1757
121909288 1946
387906306 2019
121908916 2191
386134131 2274
121908031 2479
104894440 2545
76917243 2671
34810399 2765
121918019 2792
28937869 2810
138587317 2812
7158782 2819
746390776 2981
150021927 3002
121909527 3023
121918008 3054
121908037 3268
137852633 3299
587777149 3621
121964851 3635
2272783 4377
587776886 4458
80356689 4676
121909522 4782
118204106 4811
121908039 4894
775334315 4952
80338963 4990
11538758 5069
121908917 5192
121908029 5250
376207800 5487
730882108 5576
387907240 5602
377767334 5619
137853966 5664
757771793 5730
121964852 5743
1333049 5772
74315436 5977
41276738 6062
121908040 6243
76353203 6266
199476099 6293
112029328 6364
910873 6373
200604349 6588
118204059 6695
104894442 6759
139361635 6786
368562025 6806
1048095 6826
377767347 7140
118204104 7240
2228671 7262
772432010 7571
104894445 7577
377767345 7597
1050828 7989
377767385 8371
121909287 8404
121964894 8756
62643630 8873
28940870 8957
281875215 9567
2066845 9570
28942085 9588
45514002 9652
2395029 9727
28897672 9815
63749869 9869
775092314 9910
63751612 10375
377767360 10750
387906305 10829
137853966 10909
148591292 11018
199669988 11261
121918014 11335
80356685 11425
281865117 11496
61748497 11587
730882099 11754
387906307 11890
3848519 12085
371243939 12298
36212066 12393
76173977 12606
200238879 12711
150799088 12763
267607213 12809
137853965 12952
875858 12999
118204118 13099
281875213 13133
28934578 13290
730882106 13495
28933979 13532
753047625 13560
778232217 13681
397514767 13857
28937316 13993
28933979 13999
41261344 14105
121908038 14317
1800559 14325
41298442 14389
755799528 14434
121964854 14447
5742904 14467
121918009 14503
104894402 14534
121908035 14701
28941776 14738
61749738 14913
202022405 15097
104886456 15333
794728585 15415
387906302 15418
104894441 15421
28936400 15430
61751296 15517
28933390 15578
45517258 15695
80356698 15702
775334315 16019
377767387 16060
121918001 16113
777326720 16189
28942083 16199
80356696 16241
730882083 16400
80338943 16609
370777955 16808
2066847 17045
200330818 17083
61748477 17093
778284147 17101
121909528 17171
587777763 17265
753430282 17342
387906393 17364
7626962 17461
387906392 17575
121918007 17656
397514693 17835
193922842 17965
145518263 17975
193922680 18256
368505753 18299
772682471 18313
149227308 18872
104894561 18956
80356691 19166
281875212 19243
121918002 19348
397508799 19461
118204119 19488
80338848 19496
104894439 19576
121909526 19675
104894574 19688
730882077 19823
267607353 19848
61750584 19875
151020603 19999
121918005 20040
139617694 20061
61748478 20065
760029254 20066
118204060 20229
386833676 20249
118204116 20432
121918004 20745
770093969 20780
755667663 20922
45517214 20934
747507019 21080
730882081 21192
869025453 21208
118204107 21210
199476118 21368
746616623 21388
121908024 21408
199476096 21431
747488546 21447
377271627 21518
377767323 21519
200604349 21604
132630263 21608
749544042 21641
104894434 21673
387906304 21776
28937590 21805
137852756 21853
104894433 21884
137853153 21921
748031071 21927
387906360 22141
773618064 23001
80338965 23016
121908043 23117
730882090 23155
28936402 23433
397508748 23573
121918016 23578
118204119 23669
145787161 23690
1799807 23725
121908042 23728
730882109 23892
104894128 24109
45517179 24110
121918070 24177
62643632 24278
121908028 24524
28933385 24528
77375493 24725
544453230 24737
770548228 24782
118204098 25014
566317085 25063
281875214 25082
755757866 25119
75549581 25151
80194531 25257
45546039 25375
112029328 25388
144172724 25541
121918020 25550
763457259 25786
121909289 25801
17221854 25914
769737896 25978
104894407 26147
267607064 26381
63750198 26651
755449669 26728
567349821 26847
397508761 26996
199665722 27042
28931595 27080
199804679 27092
121908909 27106
132630266 27168
118204094 27630
80338942 27649
121918003 27768
28936415 27853
80358191 27871
121908287 28008
28936688 28117
121909532 28258
28936393 28294
199476094 28460
132630264 28978
397508256 29084
1057909 29154
121912580 29252
334 29335
794728584 29381
397508294 29391
180177102 29440
147210663 29485
387906303 29553
28936401 29573
28937318 29580
377767380 29710
28357092 29964
281875215 29966
199476095 30049
80356695 30078
199476097 30271
373822756 30441
79761867 30492
267607065 30713
121908029 30810
121909285 30869
774439908 30889
104894444 30895
74315435 30963
28942080 30980
1137617 30989
137929307 31309
199476098 31604
118204095 31642
104894437 32093
28936399 32427
745753810 32494
786204442 32638
121918018 32737
63750245 32768
80358248 32779
118204103 32841
751228587 32862
121909523 32902
58596362 32926
72658865 32993
104894406 32995
757086563 33139
121918402 33422
118204113 33491
118204118 33576
148405563 33844
121918344 33953
61750612 33982
118203885 33983
80358192 34042
121918070 34364
143358506 34414
80338950 34496
113993959 34522
35129734 34568
17107315 34620
730882105 34995
2066844 35165
1800562 35192
45487699 35269
765458125 35384
552831415 35535
118204100 35714
755529290 35873
28931569 35989
104894553 35991
765011829 36105
121908036 36126
377767376 36159
113993958 36195
1799945 36218
387906301 36236
28934872 36251
750649426 36290
1057910 36517
80356694 36557
121909525 36578
118204109 36817
118204105 36952
773257111 36994
118204120 37148
775924858 37373
121964853 37504
137943601 37791
121909531 38005
769370816 38020
756418235 38035
28897672 38073
121908030 38336
104894443 38717
74315433 38764
149889416 38770
80358247 38875
786204634 38925
104894438 39142
267606783 39169
118204096 39187
763244290 39203
45517258 39242
132630267 39356
80356690 39462
118204111 39516
121908908 40054
121908025 40153
121908043 40238
28942079 40262
61754002 40337
132630266 40489
8192466 40626
121908034 40643
4244285 40647
281875213 40758
121918400 40843
387907240 40852
118204110 40874
28936394 41037
376459828 41251
45620037 41596
139043155 42390
118020901 42449
138690664 42555
587777149 42660
121917750 42813
28931568 42816
387906394 42850
80356701 42959
28942081 43069
767618089 43082
377767349 43099
671 43167
121918015 43343
563390335 43447
72558188 43978
121917749 43980
80356686 44177
80358250 44408
587777892 44534
780166965 44560
1800559 44751
121908026 44752
139624145 44818
118204112 44854
139089530 44921
786204473 45143
759017288 45478
28942078 45518
778309692 45524
771540767 45637
387906525 45659
28929474 45810
80357093 45908
121908635 45919
77375493 46397
199774121 46454
373869746 46507
748944640 46512
121912617 46784
730882102 46853
333 46938
118204115 47048
121918013 47080
1061235 47081
74315403 47113
104894413 47167
28940279 47377
730882094 47430
80356700 47482
753338851 47528
63749811 47543
5186 47575
132630264 47960
377767378 48008
751292739 48075
118204117 48203
778408161 48333
387906391 48364
730880130 48412
118192169 48575
587777763 48598
118204114 48708
74315432 49086
80358249 49203
397508750 49226
72554632 49267
763159520 49386
121909154 49447
397508249 49543
121908799 49660
137853965 49678
781272386 49758
121908033 50498
746939188 50512
200621180 50593
118204101 50595
9333649 50631
199476100 50711
121908032 50713
61750630 50791
61750595 51141
121918010 51194
781264043 51281
63750847 51350
137853964 51491
28936687 51512
121918006 51638
121912810 51699
730882100 51855
137852912 52070
76151804 52114
267607066 52420
61751103 52540
118204099 52663
4363657 52723
200563280 52735
766076920 52748
63750451 52783
121909524 52797
118204108 52878
104894401 53071
398122772 53191
132630265 53202
121909286 53758
768555495 53811
138326449 53844
201102492 53970
199590449 54031
121909284 54556
77615401 54917
121918017 55298
751977466 55520
28940870 55609
745830614 55663
28936398 55673
121918011 55851
121918012 55882
28940870 56215
768563000 56305
121918001 56470
121909519 56518
281875212 56748
121908801 56851
121909520 57062
112029328 57070
730882109 57122
193922781 57195
377767382 57217
28940870 57311
368838866 57321
5030867 57346
121912581 57351
762815611 57369
104894435 57639
193922567 57654
377767379 57702
80356699 57802
367643250 57993
281875214 58276
3093726 58314
201573863 58363
121909521 58416
730882082 58677
121908910 58698
60934003 59059
113993962 59144
132630265 59322
121908044 59342
121918000 59442
763147599 59536
185919705 59658
769020799 59732
185098634 60077
199476104 60135
118204057 60170
132630267 60198
199476112 60424
771019366 60456
1800497 60566
267608255 60632
9332964 60726
104894129 61262
377767383 61299
45517259 61349
118204097 61405
587776716 61682
377767355 61721
57520892 61751
375009082 61761
780583917 62136
121909530 62369
45483392 62519
9333649 62593
45516293 62603
61754424 60856
28928883 60524
28936677 253
768737101 1263
28933389 2026
10490924 2813
121908027 2852
63750847 3823
63750899 4739
121434393 5128
104894553 6229
104895094 9349
4986782 9563
1800443 9943
28928883 11067
28940580 11716
121908416 11943
875858 13068
11547464 14193
5352 14544
121908417 14810
121434394 14962
17602729 15092
138042437 15704
63750691 15748
45483392 17095
12340895 17476
6025 19762
28936676 20269
67376798 20601
150414818 21040
2231142 21078
28930069 22156
121434390 23192
121434395 23428
72552713 23512
115545701 24940
34451549 25036
1142345 25078
34598529 25381
671 27236
28930068 27565
63750871 28849
28940579 29417
11549407 30237
1801160 31454
28934872 31850
12735723 34539
55886062 34872
1800462 34953
199826652 34959
7574865 37017
45516293 37271
144475004 38866
45517259 39035
6920220 39071
1800546 39750
138213197 39962
45517214 40150
28941774 40627
138213197 40723
28934574 41139
1800460 41517
28940580 41615
28897759 42809
5742905 43102
28928883 44061
113488022 44443
28933390 45131
121908415 46410
11591147 47072
8177374 47163
28941775 47494
75932628 49147
144475004 49335
113993960 55101
121434391 55395
1800584 56859
28940578 57355
12777823 57687
11200638 57718
201457110 57961
121434421 58133
7903146 59042
63751449 59569
28931568 59717
3918290 60165
1799807 60757
121434392 61450
17602729 46540
2243093 51631
7270101 23399
6151429 29968
1065852 7938
4149056 15480
6983267 19371
1805007 19474
1061235 20105
1061170 30565
2395029 32830
2981582 35107
351855 39406
4986782 40958
1127354 45748
2476601 57601
74315472 189
4143094 7604
397508761 9005
28933389 17026
10830963 24750
738409 27747
3093726 35150
36053993 36378
1800566 37885
1421085 44464
6467 91
104893935 107
28362286 251
786205582 344
121908761 382
10033464 424
730881870 443
1142345 515
77615401 546
121918002 662
374635469 670
397508175 688
186045772 770
143793815 832
28928895 864
796051931 887
3903239 893
587776423 990
61749397 1025
75527207 1027
118192179 1070
28936083 1113
786203714 1125
5848 1166
35887622 1184
28932768 1221
121918001 1262
149790377 1270
398123127 1293
28933099 1334
2395185 1357
61750579 1407
61751310 1428
5030853 1445
368263958 1470
863224528 1552
121908786 1636
587776417 1722
121908773 1723
397508442 1806
121964896 1869
193922372 1932
72552757 1986
61754010 2072
61750581 2167
193922514 2228
61752717 2237
528583612 2249
79031340 2257
121909040 2264
398124485 2292
587776426 2321
80356681 2345
121918011 2359
121908805 2371
104894108 2403
137853022 2428
766076920 2458
786203244 2466
397508163 2498
28940577 2532
397508350 2633
75053309 2641
397508296 2689
373002889 2790
587776428 2808
5030852 2842
1057909 2860
369879957 2884
72552758 2921
149335881 2943
132630277 2969
28371733 2986
137852908 3137
864622138 3141
55928397 3144
121918016 3240
28933681 3413
121918020 3450
144104124 3510
121965063 3517
145854903 3617
74767530 3654
76296470 3679
515726073 3726
116488202 3740
751590073 3741
7080536 3826
769020799 3944
2066845 3950
61749393 3958
121908787 4070
77010898 4074
397508447 4099
200378205 4139
137852971 4205
121908794 4395
397514518 4398
118203998 4475
137852944 4516
786204241 4521
371243939 4560
74767530 4573
587782892 4710
5030855 4714
139573311 4761
121909018 4825
104893933 4829
118192161 4948
398124475 4955
28933405 4979
381737 5136
28929472 5187
121964894 5199
140291094 5329
121908755 5371
60554162 5374
398123489 5415
121908909 5421
121908771 5616
515726124 5642
78378222 5654
121909008 5742
387906289 5789
587781411 5861
63750871 5962
121908767 5969
587776650 5978
180177131 6026
121918595 6054
1057911 6126
121909041 6145
121918001 6217
201662623 6218
5030858 6239
868562051 6268
80356684 6377
193922753 6478
61732874 6552
1799999 6562
67828806 6617
63750198 6666
61753238 6691
199531851 6710
387906379 6730
397508205 6840
758452450 6956
200321110 7092
1801282 7141
148617572 7252
33978901 7303
78340951 7316
751292739 7359
771489305 7452
61748477 7606
75961395 7762
10509680 7930
387906377 7953
193922500 7965
80338943 7968
759952363 8037
28938173 8048
41276738 8075
79874540 8127
28937274 8181
398124500 8191
77834169 8214
398124486 8319
201337954 8392
587776406 8394
397508431 8435
761550284 8477
80358217 8498
9340799 8535
121908758 8571
144476686 8900
28936968 8914
5030847 8925
4307059 8942
386833969 8963
747488546 8966
138837292 9137
140987490 9186
1983132 9231
374946172 9296
121909017 9315
786204442 9372
111033199 9468
80002943 9492
28937297 9495
200649783 9551
397508144 9579
80357065 9584
10485057 9670
387906567 9688
121908761 9696
113993959 9718
28933669 9811
121908803 9832
78769542 9980
1021737 9994
28936677 10023
144567652 10026
28937281 10049
121908783 10093
397508435 10213
398124487 10279
6471 10291
121918003 10309
118192172 10361
62642932 10419
35264875 10533
587782005 10539
773136605 10590
515726175 10630
28940286 10648
80358219 10657
188663068 10713
1143679 10753
149724959 10906
74830677 10932
121908744 11004
750524447 11015
587782680 11127
28934269 11152
387906375 11171
199665722 11191
76811038 11256
80055610 11300
397508158 11308
6476 11388
864622481 11389
730881871 11430
587776416 11468
121434281 11565
552831415 11576
397509136 11663
587776427 11687
515726099 11741
137852700 11827
61749398 11842
61751296 11888
118204421 11907
387906953 11999
28937282 12198
121918015 12229
869025342 12253
142133355 12299
387906376 12313
180177116 12337
121909047 12367
587776411 12372
143456784 12374
397508709 12395
121909044 12486
796541855 12541
193922747 12754
121909034 12885
373697663 13065
77969175 13115
193922528 13122
765011829 13126
2011077 13132
398124501 13157
74467662 13201
17602729 13301
180177083 13337
398123126 13338
925391 13364
587782570 13369
121908769 13373
28935207 13427
6323 13580
78440224 13675
773257111 13772
397508353 13820
118192122 13853
767543051 13877
786203057 13889
200322968 14064
121908753 14115
111033171 14148
752537626 14170
786204618 14231
766310671 14343
780583917 14431
111033307 14487
80338779 14522
786204588 14552
150676454 14642
28936970 14656
76554633 14685
80338939 14803
72646508 14835
151344506 14875
10033464 14876
1064651 14885
28941472 14923
80338794 14992
1042522 15012
1801166 15057
387906369 15079
587776419 15128
28933670 15139
17221854 15157
730881868 15190
1050828 15233
121908779 15312
753338851 15319
786203399 15338
5030860 15370
28937308 15423
373715782 15450
61748511 15464
59349773 15467
121964895 15662
121434282 15734
149889416 15770
797044745 15781
61749403 15784
145138923 15906
28942080 15926
137973334 15938
10306114 15988
121909034 16021
28933397 16117
587776982 16127
28934899 16155
118203999 16183
80358066 16203
767568897 16441
61749387 16447
74597325 16461
121908780 16480
118192176 16568
180177099 16575
61751290 16587
145449046 16636
397508706 16654
28937287 16672
28940287 16673
746972457 16700
6475 16756
1800098 16777
62514952 16790
121434454 16796
28362286 16802
80358137 16826
398124484 16842
763457259 16869
77646904 16908
1135824 16976
80034486 16987
80338901 17021
61748511 17034
796051927 17047
28937304 17058
28932774 17105
121909019 17134
515726126 17190
180177092 17207
730881872 17238
79282516 17268
3803662 17339
398123177 17354
749544042 17365
910873 17482
730881905 17491
193922511 17644
11614913 17692
80358220 17697
35095275 17810
764509489 17882
730881876 17892
7755898 18000
59328451 18014
193922509 18039
745830614 18068
121908748 18157
193922826 18283
121908812 18289
796051928 18357
193922505 18482
180177126 18485
397508393 18495
121918401 18703
61753993 18768
121964895 18824
79660178 18873
786204696 18892
532781899 18942
180177142 18980
137854604 19004
587776418 19071
77409459 19117
1801282 19135
118203925 19170
61750581 19173
587776425 19192
398124495 19326
267606795 19346
374705585 19368
193922524 19384
141158996 19506
5030846 19536
891512 19630
121908916 19642
143340609 19658
28933380 19692
55705857 19715
797044607 19723
746471701 19749
121908010 19766
767167623 19784
587777265 19886
61753993 19907
57424749 19997
201082169 20026
104894105 20042
141033578 20089
1799963 20167
80338859 20176
387906380 20254
730881888 20273
11539445 20336
77101217 20359
778232217 20360
28933674 20361
28937899 20424
2363337 20598
6445 20619
749293235 20686
28933099 20764
199938613 20767
567349821 20796
398124483 20815
515726067 20828
119483085 20851
587776420 20909
796051933 20929
199669988 20979
200511261 21021
200621180 21093
398124481 21319
28937269 21324
121907890 21432
121908804 21536
104894807 21644
61750117 21717
763244290 21736
121908791 21745
180177110 21818
104893930 21848
62642926 21874
138925964 21893
1801133 21898
28937290 21964
397508174 21977
180177103 21980
148443992 22103
121918006 22106
75193786 22245
387906952 22306
397508416 22433
143570767 22533
61750591 22539
397508378 22543
113994097 22560
80356680 22591
796051930 22659
730881879 22681
12979860 22710
151344504 22759
386834234 22777
80356703 22962
786204129 22981
397508453 23080
28931573 23154
1800562 23201
587776527 23222
180177112 23233
397508263 23280
397508778 23328
794727572 23358
118192183 23386
79784540 23457
397508298 23458
118192163 23484
72555391 23533
61749387 23538
36212066 23548
121909021 23559
180177132 23608
180177143 23759
387906954 23823
104886457 23829
28934270 23929
13225917 23935
138310841 23947
80338895 24041
760029254 24060
5030857 24071
200179145 24098
181208607 24228
80338784 24274
770167670 24418
121909010 24419
12735723 24429
180177090 24502
121918004 24515
61753344 24706
61749370 24798
118204422 24800
28936676 24809
80356860 24964
1800584 24999
80356688 25028
587776415 25042
137852910 25135
372227120 25179
193922522 25207
142394380 25208
5743708 25278
180177113 25302
77931234 25314
180675584 25354
146948377 25423
28934880 25452
12343867 25577
794727680 25594
587776741 25615
869312753 25690
745770404 25759
587782443 25795
28942081 25809
33978901 25839
34810399 25882
104895083 25927
1801155 25940
121908811 25992
770093969 26019
61748478 26040
727504089 26072
267606723 26088
144055758 26114
368263958 26148
121909035 26189
121918013 26220
121908362 26248
1121980 26305
2070075 26391
137852911 26469
3819299 26581
28933997 26655
77188391 26774
786204688 26795
373900644 26830
587776409 27056
397508587 27062
794727819 27082
80338785 27085
16910526 27113
28937289 27183
267607326 27193
10509305 27247
143312232 27249
121965064 27302
76649725 27325
61749738 27345
4349859 27355
11971167 27407
28357092 27435
587776410 27436
149798764 27437
387907218 27480
104894937 27548
121965075 27628
754392766 27658
587776414 27698
104895093 27712
786204122 27715
201552310 27778
45620037 27887
121964972 27923
28937318 27932
2229774 27956
515726104 27975
104893915 28044
61748467 28063
28941473 28153
587782081 28156
121909153 28172
121908378 28249
3218714 28364
10524523 28422
587781890 28469
121909009 28485
80356697 28540
150212784 28697
751977466 28913
34139813 28942
28928904 29024
28936969 29080
121908797 29089
118192177 29105
267607353 29262
143396368 29282
1393350 29356
515726174 29471
151073129 29532
387906225 29589
1800386 29659
121908778 29796
28937275 29809
757771793 29855
587781457 29929
121909005 29991
13266634 30084
104893934 30143
121918237 30158
193922510 30182
3218714 30191
786203245 30202
555607708 30243
113993962 30282
62516095 30427
55705857 30473
202179988 30477
75660264 30479
1805137 30575
387906378 30580
118192184 30681
80357212 30784
121909045 30806
35887622 30809
180177085 30914
28934568 30917
200391019 30918
121908777 30985
17602729 30987
118192165 30996
587776405 31026
5030841 31043
28940580 31102
61750117 31111
80055610 31185
61750420 31204
201881567 31326
58293603 31344
121909013 31455
137852909 31466
75789129 31524
149284013 31592
121918018 31625
80338898 31649
28937292 31687
794727037 31694
150799088 31721
121908428 31770
121908772 31796
121909016 31861
397508693 31981
121908770 32006
57052654 32115
397508668 32224
193922518 32259
7626962 32308
587782050 32356
4349859 32365
200538373 32381
138446138 32455
28938471 32462
9378251 32525
387906362 32593
79310136 32601
12713559 32609
3135391 32618
765458125 32628
61755320 32634
80282562 32652
515726118 32730
367543005 32755
80356682 32804
80338777 32828
587782446 33051
397508276 33052
6265 33066
104894299 33163
121964897 33239
118192170 33272
1805008 33275
587781560 33282
147422190 33313
60554162 33347
57424749 33424
1042838 33465
193922526 33476
75541969 33511
121908789 33535
104894942 33689
59172778 33708
62642941 33754
258322 33797
1799945 33830
763159520 33994
121908757 33999
118192162 34082
587782531 34110
148698100 34183
398124478 34211
121918008 34307
111033258 34309
76763715 34311
121908784 34504
10488631 34512
121909043 34592
139468767 34666
142637046 34680
119466000 34730
137852945 34789
7769409 34802
2228093 34826
61749393 34831
28941774 35033
121909037 35071
28940579 35083
777295041 35100
781264043 35113
753153576 35129
138034837 35185
189345248 35231
113993958 35275
2383206 35327
397508470 35353
786202008 35423
397508394 35454
118203997 35536
2066847 35540
6679677 35563
587776413 35586
515726215 35592
752100894 35603
137852695 35608
104886459 35630
587776422 35635
138690664 35914
142146981 35964
118204423 36058
121918000 36143
8099917 36146
2844682 36252
748540413 36298
587782232 36337
121908793 36349
121918594 36380
9939609 36382
748863662 36384
8177400 36523
387906370 36559
387906525 36678
4244285 36685
58293603 36689
1800443 36731
72552756 36814
121918019 36855
61750101 36895
6152 36928
515726122 37002
28937295 37138
193922504 37145
62643630 37154
1799963 37208
3184504 37221
397508192 37360
62643632 37405
28934269 37457
786203488 37482
28933668 37571
587776421 37655
143358506 37687
398124491 37757
61750101 37829
62642933 37871
397508630 37905
7754840 37943
28937591 37961
72646508 38000
5030849 38036
387906371 38056
61750579 38060
772432010 38080
28933671 38096
515726117 38111
386134230 38112
62516092 38129
180177084 38131
121908766 38135
118192167 38170
55687265 38177
397508227 38200
116488202 38254
398124503 38333
864622695 38345
756660214 38409
772682471 38450
104894106 38462
121909036 38478
80338899 38529
4420638 38579
193922523 38588
180177098 38611
79633941 38632
786204454 38650
387906955 38657
144610605 38759
41291556 38797
387906367 39027
397508176 39075
28937907 39179
398124479 39195
587780206 39236
3819299 39262
121909012 39405
5848 39415
180177136 39572
72549354 39616
121908746 39707
28935212 39759
786203775 39762
28939716 39801
587780210 39899
138471431 39918
28937284 39967
28942082 39976
28933405 39998
746838237 40026
28937307 40032
180177138 40090
79635528 40116
1801252 40229
193922878 40247
121908760 40318
786204749 40358
387906364 40364
36210737 40428
139616452 40433
141935559 40475
587776407 40476
137852950 40506
41261344 40526
374304304 40577
121908776 40671
78802634 40732
76879328 40872
104894105 40936
137852947 40953
727504096 41114
67608943 41144
104894107 41226
104893927 41248
80356491 41281
28942078 41339
5030843 41351
121918007 41422
786205156 41423
2145418 41451
61884288 41462
1800460 41561
387907301 41637
74551128 41656
397508702 41671
180177124 41676
61749398 41691
77301881 41732
121908910 41757
397508139 41796
56214919 41830
1800386 41833
61751310 41853
79850223 41874
121908798 41919
137891647 42017
121909531 42040
11547464 42163
55960271 42165
193922809 42253
28933087 42387
121908808 42483
121909023 42499
138491271 42504
28933396 42525
121909015 42536
28942068 42539
121908749 42546
16969968 42551
193922515 42572
786201773 42667
61749380 42742
118192181 42804
515726071 42889
28933677 42953
397508326 43233
28937280 43351
193922532 43369
28928894 43399
202142867 43420
193922802 43528
515726086 43597
75389940 43642
730881884 43643
786203346 43647
786204156 43669
3095318 43691
28937272 43694
57052654 43751
863224521 43841
13202464 43843
61749392 43900
3918290 43907
193922498 43984
145045861 43997
17107315 44029
138587317 44039
397508675 44070
398124496 44079
770815049 44107
121908792 44202
80357713 44203
151206121 44274
80358218 44279
139304906 44310
180177134 44363
121434280 44369
147211454 44374
61749384 44461
76871093 44466
140472905 44489
78756941 44491
59328451 44504
515726099 44533
755654557 44544
121918014 44549
730881867 44763
121908754 44801
61750595 44812
180177133 44872
121918009 44903
121918593 44934
199590449 45002
786203382 45072
180177122 45192
786204707 45195
3842787 45228
80338788 45247
587776424 45248
769960006 45322
387906363 45344
781368899 45349
61750591 45356
61748495 45379
121918005 45390
6311 45425
121909042 45432
3815148 45460
5030851 45475
759017288 45525
786203892 45552
749788626 45586
193922521 45607
61754011 45698
28940577 45701
74503330 45739
28933087 45816
770461067 45831
56337013 45866
1333049 45869
9536062 45879
75030631 45900
141526971 45901
28933073 46025
763073466 46108
35180584 46119
5030850 46121
77646904 46149
28942083 46176
77284892 46205
142107837 46252
180177135 46328
515726060 46386
398124476 46417
121909026 46438
28941776 46468
61749370 46471
113809142 46805
137852906 46823
146818694 46847
75096551 46959
61754011 46960
28928905 46967
786203821 46975
397508211 46984
140510894 47066
1805009 47073
2180439 47117
515726065 47124
61749380 47133
751415161 47165
151344503 47168
80224560 47188
150681845 47202
587776408 47253
121908745 47254
121908802 47291
5030868 47375
75932628 47386
193922533 47418
121908768 47537
148405563 47588
199847983 47613
28937296 47655
144467873 47680
777183511 47720
2066844 47800
121918012 47805
80358221 47860
80356702 47889
118192164 47939
28937270 47973
28928905 48004
2107301 48053
771180444 48137
398124502 48144
730881897 48287
121909567 48359
6413438 48466
28937279 48508
193922770 48541
80356489 48590
4495487 48609
771540767 48671
28937594 48689
797045101 48727
180177097 48822
397508168 48837
137854604 48838
28939086 48964
10974944 48968
104893922 49090
267607326 49123
864622498 49134
61754010 49193
28928894 49334
1800497 49347
121909025 49375
587776412 49435
137853153 49494
61751290 49510
3848519 49530
149019598 49550
61748497 49572
121908751 49619
869312753 49661
386833624 49699
28940585 49709
515726123 49786
121908810 49817
180177091 49820
180177121 49983
28937268 50005
143232208 50006
180177100 50019
80358216 50067
121908775 50082
3892097 50270
76713772 50271
6467 50394
193922516 50757
515726075 50804
121909028 50815
386834233 50827
137852949 50890
80277041 51025
28934001 51047
78194216 51145
28937298 51161
797044713 51338
28932774 51365
28935213 51675
72552754 51718
515726111 51799
869312029 51895
7294919 51933
7294919 51942
397514517 51981
28939383 52214
67608943 52240
61748467 52286
28938173 52399
17612858 52446
387906366 52451
28937285 52496
104895097 52523
61750612 52684
34637584 52708
28935208 52747
3095318 52772
193922529 52784
193922497 52794
121909046 52831
3218713 52942
201523601 52999
2363337 53104
121909022 53148
769506424 53180
566317085 53232
587781840 53355
61749384 53371
120074124 53434
1045642 53436
121908748 53495
421016 53592
61750584 53678
397508538 53752
397508461 53798
373297713 53802
28937277 53823
121918010 53850
198846 53880
28933675 53960
587778584 53969
398123063 54017
864622192 54028
104894941 54054
121908763 54079
193922816 54080
398124498 54120
28933682 54183
2237717 54212
118192116 54239
62514953 54296
113857788 54415
779709646 54439
770548228 54443
61749372 54531
142157346 54673
397508399 54695
369925690 54707
62508588 54767
397508200 54871
121908785 54941
730881865 54965
77902683 54986
397508328 55035
587777266 55064
28940580 55098
267606722 55164
2187668 55219
78378222 55255
104894108 55288
6920220 55312
121909031 55487
151344505 55580
28940288 55590
61749403 55644
75039782 55769
387906373 55807
397515498 55811
515726081 55822
193922807 56067
121908765 56103
121909033 56138
137852907 56174
80356692 56197
77804083 56206
28936386 56333
786204634 56341
137852948 56466
121908752 56545
397508510 56595
28933679 56650
121908747 56655
104893931 56728
59349773 56740
121908377 56751
398123175 56962
121908759 57038
5030856 57042
727504087 57057
398124477 57094
748031071 57118
121908750 57264
28928904 57328
7754840 57364
121908805 57375
121918116 57380
193922501 57388
864622301 57425
749893889 57456
397508759 57490
367543006 57502
397509367 57531
28941775 57543
786204473 57573
80356708 57585
121918592 57604
121908788 57676
121908908 57837
28937303 57843
13202464 57888
28935214 57907
760222236 58059
9275596 58063
748573754 58146
730881869 58151
75115087 58224
7181866 58300
61749372 58320
28933673 58333
3218713 58347
121909011 58350
121908555 58527
730881866 58547
777999875 58624
28937283 58657
267606757 58674
118192180 58771
786202439 58782
1983132 58850
1799884 58881
77932196 58889
193922525 58991
387906374 59005
387906361 59079
398123063 59088
104886460 59195
193922519 59241
72921001 59327
387906359 59343
398124480 59440
28933676 59517
104886461 59549
145449046 59603
28934270 59744
61748495 59746
1057911 59817
61754002 59975
193922506 60012
34637584 60028
7192 60049
61749392 60094
111033244 60128
3928305 60130
202022405 60159
80356769 60180
1800123 60214
111033260 60232
121909006 60240
281865192 60257
28357092 60335
118192166 60338
104893932 60457
28931610 60481
756418235 60488
28933672 60532
515726091 60628
72558188 60633
137852946 60677
121918596 60686
781272386 60688
111033640 60793
768555495 60817
5030861 60844
11209026 60939
796051932 61029
746390776 61053
771623148 61070
121909020 61089
138249161 61158
755529290 61160
61749397 61186
5030655 61189
137852696 61194
397508189 61205
180177127 61208
2981582 61212
121908755 61237
121908917 61272
76163360 61311
587780211 61361
193922503 61372
28937293 61385
193922520 61429
3738579 61463
121908764 61578
2145418 61667
61750630 61677
587781697 61685
387906510 61787
387906365 61822
62642941 61881
121918017 61915
587781662 61924
80356693 61947
180177111 62073
147077598 62133
149229839 62201
397508387 62285
120074117 62382
118192175 62430
78655421 62439
397508477 62600
28937276 62632
28939095 62680
74315472 11492
139526942 11846
137853824 12257
16901979 12965
760021635 24764
137853822 25304
137853827 26887
12252 29478
1800497 30870
137853826 32682
137853826 34455
137853825 36398
556450190 36644
556450190 38929
760021635 39046
121908034 44998
139526942 45160
137853822 46457
137853823 47152
137853824 47678
137853823 54346
16901979 59794
137853827 60476
137853825 62327
17602729 10198
1837253 11606
53576 16653
1799930 18954
113809142 21351
61742739 25428
17602729 25450
6046 26601
3780374 28092
7688672 33266
53576 40631
45575636 41682
72552713 45825
200538373 58105
9272346 7169
6983267 25239
9536314 26424
10830963 31481
1801155 37970
28933380 39743
6837293 43078
1426654 49689
210138 59756
4958847 1669
3798220 10552
1426654 11323
8034191 21417
307377 26055
1799971 27501
1800730 47422
13361189 48032
110419 60742
2254958 437
2073963 480
12721629 1390
28933676 1456
28937304 1850
613872 2183
17646946 2285
8192466 2414
53576 2462
283413 2681
10821936 3687
28936968 3714
80356706 3973
1800888 4032
11046205 4159
806368 4273
17580 4280
17782313 4430
2802292 4711
28997576 5020
1800629 5153
28383468 5309
25531 5316
10757278 5411
28937269 5420
67666821 5604
660895 5613
663048 5804
28937270 6210
4986790 6487
1799895 6501
28933668 6714
56244447 6872
56161402 7185
1265159 7272
121912805 7283
9332964 7335
72558189 7381
6318 7511
28936970 7563
10748045 7801
28937279 8170
28933671 8292
28937275 9108
12536657 10071
9332131 10463
1801131 11247
121912799 11399
11190870 11553
28937297 11593
7574865 11696
28937289 12258
1265181 12462
5888 12842
28937281 13693
28936969 13776
28937303 14075
6441286 14490
324420 14839
8176058 14852
4986791 15035
664143 15214
28365083 15937
28940578 16100
9934438 16545
8070723 16839
4680 17360
8034191 18028
28933670 18045
10484554 18214
41279857 18408
28933682 18633
56411402 19183
45593941 19237
1421085 19534
28937296 19615
17487223 19917
4143094 20278
3738919 20933
10264272 21158
28937869 22224
28935213 23046
7984966 23228
613872 23651
2180439 23682
9886784 23991
12777823 24143
28937283 24296
28937277 24635
3782179 24710
1800462 24862
17595731 25120
121912801 25671
1426654 25771
17595731 26097
121908936 26190
1799852 26443
795484 26920
3825942 27020
28937307 27417
28399504 27670
28371686 28278
7210100 28343
5219 29092
1154155 29116
5918 29671
11649743 29838
10974944 30229
28937298 30230
3780374 30281
3815148 30628
11672691 30828
28937308 30927
12913832 31480
143624519 31719
143624519 32615
74830677 32921
28931590 33078
28937272 33113
121912807 33442
34626372 33809
28937287 34983
339331 35448
12979860 35514
28383479 36076
12948217 37400
41279854 37713
28937274 37781
10495584 37956
12340895 38877
776746 38943
28933674 38959
28937292 39084
1061170 39314
28934895 39873
12343867 39908
234706 40038
28935214 40733
3912 41092
1057910 41429
28937280 41466
80356687 41474
28937282 41495
71785313 41835
28935212 42153
9536314 42208
3764261 42235
28365085 42295
61751362 42865
28940279 43046
28937284 43133
601338 43652
4988235 44668
28937276 45285
5082 45377
2943634 45950
28933679 45961
28940574 46590
28933673 46825
72552791 47240
1121980 47619
4495487 47845
28933669 47929
664143 47983
2032637 48156
9886784 48702
1051730 48889
28940273 48898
307355 48903
59912467 48904
28933681 49096
12803066 49124
1801133 49936
28371685 49948
28935208 49994
9341274 50689
1799971 52188
2802292 52334
28933675 52372
17580 52506
16847548 52970
28937293 53566
80356704 53568
10484554 53855
55817950 54118
28937268 54309
28937285 54815
28933672 54866
2910164 54878
7089424 55444
16969968 55579
2020912 56247
28936083 56379
28933677 56407
2943634 56427
121908937 57912
7349332 58555
4680 58718
17822931 59019
28935207 59278
28937290 59438
11209026 59529
1800255 60072
891512 60189
5361 60431
41303343 60770
12948217 60887
2241880 61095
1801175 61183
36053993 61221
5742905 61230
1129844 61291
13266634 61309
7705924 61422
762551 61525
10490924 61654
28937295 61940
5443 5802
9939609 6164
307377 8271
3750817 24724
4888378 25598
2274223 26773
2802288 36472
1143679 39213
7966230 39734
1711437 45094
3758391 53325
6265 58238
4132601 58670
3798220 3789
2143340 4696
4969168 5992
1243168 7090
1859962 25289
3825942 28665
6025 30525
662 31461
37973 35127
662 43673
7966230 44233
6413438 45883
6679677 46919
2837960 47509
2228325 54966
2165241 55712
2511989 4001
944289 4007
708272 7097
55687265 7101
964184 9345
2200733 10135
3761847 14236
3816873 15029
1050829 15823
12255372 15908
2165241 16933
185386680 17966
2272783 18162
3758650 23981
2074356 25573
7651446 28735
1815739 29189
45575636 29626
5352 34472
4656461 34811
2305089 35401
9264942 35541
55716624 38006
140068132 38690
3775291 40933
569058293 40980
2231137 40994
1024611 41145
4888378 45824
140068132 45985
3129934 46497
1052133 47962
283413 48422
1815739 50697
7913069 54690
1136287 58138
1837253 59774
1360780 467
17571 470
2231142 692
9273363 1733
2187668 2113
2228325 2682
4363657 3187
1050829 3686
560887 3912
1329428 4885
1815739 5005
3746444 6453
2231137 7663
4444903 8125
4665058 8289
855913 8390
7594645 9032
17070145 10181
3743930 11158
189798 11250
17602729 11264
6742078 11636
2383207 11669
629242 12218
4149056 12378
2230926 12685
8050894 13067
9923231 13566
807701 14316
4968451 15041
10871777 17209
9472817 17739
17070145 18437
10821936 19803
2228325 19847
931127 19950
4402960 20662
2511989 20725
10090154 20774
664677 21191
26722 21923
1233478 22029
5751876 22826
7903146 23321
28933072 23641
2279744 23719
1219648 25435
9264942 25937
8187974 25952
6323 26618
708272 27151
268 27269
4961 28023
2834167 28271
9272346 28387
6505162 28689
7538876 28919
17563 29371
9472817 29594
380390 29643
7080536 29800
2254958 32205
995030 32980
10811661 33778
1800730 35480
5882 35668
8085664 35906
1050631 35955
10513025 36305
664677 36482
646776 36886
3821236 36984
1333048 37151
11887534 37179
2223841 37220
2811712 37821
806380 38076
25531 38187
8050894 38377
10411210 39078
708272 39519
17077540 39739
762551 40823
1012053 40907
4430796 40910
6151429 42315
2229616 42448
3761847 42531
2070744 43750
543749 43903
1052133 44272
1695 45139
944289 45355
795484 45656
3775291 45689
9472817 45765
10427255 45937
279858 46349
1050152 47090
241448 47944
6232 48432
5030655 49960
6313 50166
2494732 51424
1585215 51490
4693596 51701
17077540 52374
4146894 52385
2270641 53472
17602729 53883
2294008 54153
1801131 54699
4986893 55404
6457617 55924
738409 55980
7190458 57406
7837688 58201
5443 58375
505922 59681
3746444 60282
10455872 60719
1799853 61081
801114 61084
3129934 61280
2420946 61438
5186 61576
2301436 61794
1064395 61919
11887534 62255
2229765 62286
199768005 62418
2273535 62591
80277041 30
1800012 57
58920878 120
10086908 203
4242382 321
2003046 339
12193446 350
2908004 402
11073328 705
3758391 838
72552791 858
5031017 919
1800566 1004
12173570 1007
5848 1028
3746444 1049
1676486 1133
4730751 1214
2383206 1311
7639618 1401
766173 1519
2736100 1689
7221412 1747
397514580 2134
1554973 2241
121909523 2337
10151259 2346
28383479 2362
80357669 2429
25487 2465
17576 2844
11171739 2878
121964851 2954
1734791 3011
6700998 3020
5882 3024
1042522 3158
12720461 3196
3793784 3226
1160312 3328
1800629 3441
28940270 3442
13194504 3500
3819331 3539
3928305 3609
111033566 3677
11662595 3706
6498169 3715
11614913 3720
1544410 3738
356168 3742
7794745 3744
3077 3757
3738579 3901
2201841 3907
9340799 3998
2060793 4002
34612342 4062
137853246 4109
10784502 4111
6603272 4117
80358248 4158
137853237 4248
12053868 4264
1015362 4274
28942068 4322
112205661 4539
118204059 4541
72549354 4551
2707466 4562
1495741 4677
7216389 4837
11803731 4841
61742739 4890
72549334 4993
751229 5053
16990018 5178
1234 5472
1804197 5525
7089814 5559
12746200 5565
9282860 5595
180177115 5661
4149268 5666
41291556 5734
121912472 5735
2273535 5755
3129934 5835
2305795 5914
4027132 5925
12248560 5987
1801426 6110
12416000 6137
1800955 6153
10504861 6199
1799732 6212
5030865 6337
776746 6505
12567232 6642
1012053 6643
9938025 6835
700651 6913
2156921 6916
138058578 7010
493258 7074
17026688 7082
738409 7160
3790844 7177
6152 7291
10936599 7438
121912762 7498
2073963 7519
2235067 7552
17221417 7637
33980500 7656
2003046 7658
6445975 7711
12248560 7722
2619522 7727
1064395 7764
793862 7795
34599082 7853
17036170 7864
137853245 7872
7639618 7876
1050152 7909
28383468 7911
1045485 7954
121918240 7957
13706 8010
762551 8053
121918242 8077
2070600 8129
72549320 8184
10811661 8377
13153971 8422
7089814 8452
6505162 8650
137853244 8680
3750817 8733
5888 8820
1495741 8829
1050565 8861
137853247 8944
9923231 9085
6457617 9168
199533 9375
28939095 9391
966423 9533
4825476 9596
28936679 9784
25487 9786
2230782 9823
1065852 9898
2854464 9915
1800888 10290
1223271 10338
28940304 10431
1800795 10460
13192841 10534
2243250 10546
111033566 10600
383830 10664
4410790 10747
6601764 10881
72549322 10903
3025039 10927
10455872 11014
4794067 11096
4915077 11154
4585 11280
763110 11298
3212227 11652
11650354 11729
2200733 11731
6897932 11904
16942 11911
10980705 12006
2908004 12506
1454292 12819
45593941 12883
5742904 12960
17822931 13051
1136410 13056
13254738 13251
3821236 13390
4987047 13398
2201841 13469
2965667 13515
6604026 13552
12567232 13866
13277113 13931
31489 13941
5743618 13986
7961152 14042
4822492 14268
763361 14310
4343 14380
9332739 14406
3135388 14535
7927894 14640
1026732 14713
1799950 14777
4506565 14830
2257212 14974
7501331 14986
121918241 15016
560887 15131
1799732 15138
16891982 15186
137852907 15225
12979860 15254
28399444 15293
10492519 15466
2352028 15556
6807362 15579
4481887 15600
4911414 15679
2032583 15765
121964854 15771
1544410 15915
4779584 15959
10889677 16014
6807362 16123
55817950 16168
1805388 16180
1169300 16271
1800795 16351
33977706 16440
1800896 16622
1800972 16712
3732378 16735
9938025 16766
12469063 16817
1061147 16902
28935203 16990
1051730 17086
4129148 17269
28399504 17288
16892766 17331
30187 17383
201571 17448
2073711 17499
5030865 17524
2165870 17568
1454292 17570
1361600 17901
28937273 17980
3782179 18066
8070723 18069
28935474 18081
137852911 18196
800292 18370
4402960 18423
72547513 18445
2274223 18487
187238 18543
1691053 18620
1799954 18699
144422014 18830
34599082 18839
4673 18855
1044396 18972
4585 18988
6511720 19019
3914132 19194
6060369 19215
7538876 19342
351855 19449
1676486 19482
3135391 19565
12770228 19659
4444903 19754
11983225 19911
35753505 19957
806380 19987
2070075 20016
1800709 20082
12173570 20109
841 20114
10825992 20227
16888589 20292
268 20321
10260404 20334
16906252 20356
137853241 20386
9525638 20475
3124314 20559
7190458 20586
78117248 20600
28940268 20679
4148739 20729
17822931 20887
17250932 20893
669 20944
80356654 21308
9642880 21340
1711437 21360
28938471 21439
137853335 21449
10994336 21462
10757278 21546
2229616 21706
17228212 21799
662799 21905
964201 22118
1056836 22130
2303138 22202
629242 22206
2305480 22278
2965667 22363
1801260 22368
6897932 22438
3793784 22519
13376333 22556
7923837 22708
121964852 22870
7221412 22928
121909377 23088
2547231 23119
1799884 23160
1858830 23162
995030 23204
1801272 23216
189798 23364
28399433 23402
28937899 23430
11635424 23464
2542052 23568
7107418 23727
10937823 23744
10936599 23780
6983267 23806
28935482 23863
1805008 23884
2235015 23887
80357669 23913
7536563 23956
7216389 24118
11803731 24186
6603272 24258
28936386 24333
3775291 24422
560887 24466
12173570 24469
6311 24559
17782313 24568
3218536 24598
854560 24807
28933680 24870
31489 24917
2066843 24921
104894128 25007
7807268 25149
9273363 25185
104894005 25245
4792311 25340
1169305 25358
2832407 25444
326 25525
27388 25599
6435862 25625
2305480 25686
61753344 25736
1385699 25910
5030656 25938
45553935 25991
3790565 26185
12431733 26195
7221412 26218
137853338 26299
10937823 26315
1414334 26463
12255372 26496
6710341 26529
17672135 26605
4143094 26635
460000 26636
6997709 26670
12037606 26758
6232 26767
1799884 26812
2070676 26820
2230199 26857
4149268 26888
3738401 26889
3819331 26931
28929472 26982
137853243 27460
4654748 27476
3758391 27843
2227945 27927
2736340 27947
56244447 27997
17115100 28013
6922269 28081
2736990 28191
3745274 28218
2188380 28230
1061147 28279
11045585 28282
2073711 28466
137853334 28480
2948694 28481
16944 28664
3117582 28720
1042838 28793
505922 28951
1042522 29175
6732426 29223
1018381 29266
10504861 29365
17001266 29378
12593813 29418
1800544 29438
4538475 29514
10825992 29587
1799895 29695
11132186 29726
1799966 29792
9938025 29861
333 29869
2056202 29910
6511720 30008
587776825 30035
17236239 30045
398124293 30068
10499194 30088
12203592 30135
4654748 30293
800292 30306
4054823 30337
2235015 30409
2987983 30632
4242382 30642
4968451 30661
965513 30680
3819331 30698
2464196 30923
9543325 31006
137852909 31064
2056116 31127
189798 31156
11571833 31227
17487223 31259
885479 31275
3802842 31366
121964853 31509
398124292 31553
5030865 31672
4481887 31783
72549323 32018
11978267 32047
2267735 32282
121909532 32302
58920878 32445
6449213 32531
9954153 32725
111033566 32854
6732426 33007
1864163 33019
11012732 33085
72549332 33098
28371733 33112
2395185 33116
4779584 33212
356168 33307
3093059 33712
1360780 33768
16892766 33877
4464148 34022
307355 34310
1160312 34435
6910071 34461
10494366 34514
121909530 34643
2230199 34696
2235015 34719
121909529 34727
5030865 34773
28939716 34974
10503669 35058
4950928 35090
499697 35136
4987117 35236
13192841 35290
1051730 35368
1229984 35369
2811712 35437
4307059 35620
80002943 35697
11045585 35753
7774434 35867
2075650 35883
1265181 35966
688034 36015
1801260 36075
34677591 36168
10993994 36180
10488631 36309
2298383 36423
966423 36522
1050631 36567
358806 36572
1041981 36698
10759932 36783
3184504 36955
7961152 37018
1127354 37030
34612342 37043
2070672 37075
710521 37100
10825992 37128
909525 37283
1801160 37422
7571842 37434
6700998 37446
4961 37476
104894016 37581
2279744 37614
137852910 37632
10505806 37800
4994 37916
10086908 37958
76811038 38003
72549326 38024
3124314 38051
3745516 38085
4986893 38108
121918344 38160
449647 38262
121918481 38263
5030656 38277
662799 38317
12678919 38400
397508414 38407
10757272 38616
145999145 38694
5174 38888
9303277 38908
28940302 38928
6441286 39088
45553935 39131
663048 39156
28365085 39241
12678919 39258
17435 39259
3764261 39317
137853242 39335
3923809 39364
4626664 39430
1566439 39546
493258 39554
5030865 39622
6495306 39850
80338942 39906
8099917 40042
1954787 40202
137852906 40354
5918 40397
6277 40474
180177115 40484
4979462 40512
6997709 40594
828907 40600
2383207 40756
7530511 40826
28940868 40979
2764264 41002
4665058 41077
1801516 41128
828907 41132
699 41148
602662 41260
1434536 41278
3025039 41369
2165870 41480
3914132 41608
3738579 41630
121909520 41665
147195031 41668
2300478 41679
1566439 41720
28932768 41896
121909522 42084
1711437 42195
41293459 42206
10250779 42297
4911414 42394
12053868 42440
987525 42543
3738919 42557
10468017 42584
17228212 42649
1537415 42684
17001266 42737
10096097 42754
10503669 42797
1799990 42869
80358247 43122
5882 43193
121964854 43230
28941773 43276
2286812 43333
1135840 43449
137853337 43456
261332 43495
3747742 43570
1136410 43604
4950928 43645
11466023 43672
61751362 43683
58597806 43733
2243250 43782
1805007 43985
2207418 44068
17435 44160
4273077 44288
2171492 44339
1805009 44447
9288516 44486
9525638 44785
520354 44799
855913 44855
104894129 44969
121912762 45092
5174 45286
1867277 45339
4986850 45403
28929474 45422
10984447 45546
2547231 45592
121909528 45621
744373 45727
3804505 45848
118192168 45967
6855911 45987
121912472 46127
1691053 46151
2143340 46182
3125923 46317
7250872 46325
13153971 46339
11190870 46437
137852908 46502
7594645 46531
4307059 46612
7743761 46690
4343 46709
17576 46721
1024611 46757
11229030 47058
7776725 47114
10513789 47207
6896702 47231
8085664 47237
2707466 47307
520354 47340
137853236 47369
4792311 47445
4073582 47527
1129844 47557
4420638 47610
7816345 47636
7794745 47692
10090154 47735
121918243 47761
16890979 47784
10509681 47806
13207033 47827
28933073 47906
10306114 48041
1800955 48154
104894009 48170
28399424 48397
387906315 48426
121909524 48500
10984447 48652
3842787 48848
28937876 48851
7442295 48946
10505806 48950
144848 49002
9652490 49008
1864163 49281
4633 49349
2070600 49385
398124296 49413
13194504 49441
17576 49455
2108622 49458
1128535 49478
3827760 49600
7927894 49609
763110 49772
9273363 49987
104894008 50038
72549331 50160
41279854 50250
28942084 50287
2073963 50443
10513025 50536
7903146 50652
2802292 50755
3027172 50826
7816345 50840
1801394 50854
5759167 50865
671 50876
121909526 50941
7776725 51029
104894011 51070
137853336 51089
11571746 51190
1045642 51192
13181 51214
11170164 51236
41303343 51465
710521 51504
121434369 51535
10495584 51662
9642880 51729
28399424 51765
2056202 51791
6063 52071
1393350 52337
41293455 52379
1015362 52474
1975197 52511
113993961 52644
854560 52676
72549321 52693
28365083 52714
28997576 52721
1734791 52724
7158782 52758
10883365 52795
6855911 52818
1160312 53052
28931573 53060
925391 53075
4986852 53150
2230201 53192
370596113 53212
885479 53248
12203592 53376
145999145 53377
642961 53387
7807268 53486
4633 53509
398124295 53617
2710102 53655
10464059 53680
10889677 53682
2201841 53801
744373 53805
2515641 53830
118204057 53842
9340799 53866
2395185 53965
572515 53967
1799944 54036
6311 54165
62256378 54203
28940303 54217
10994336 54395
10177833 54493
27072 54515
4950928 54686
241448 54710
2352028 54740
2108622 54953
801114 54995
2303138 55020
3212227 55056
138058578 55066
965513 55067
7089814 55079
7076156 55168
121909525 55222
261332 55317
2075650 55486
1800896 55548
3178250 55554
10088218 55654
72549330 55656
2987983 55850
486907 55884
118204060 55909
2270954 55930
28940568 55940
2180439 55985
1229984 56012
6855911 56029
11571747 56150
16942 56220
72549320 56252
2305795 56316
6596189 56358
887829 56468
16973225 56502
1064039 56531
9288516 56631
2476601 56727
13254738 56801
2201841 56818
11672691 56863
7101429 56937
6532197 57069
16981293 57081
67376798 57267
2965667 57415
41279857 57565
7250581 57574
657152 57710
12720461 57731
622342 57734
1333048 57769
17070145 57959
3775948 58066
9954153 58115
7861779 58163
1076560 58210
11190302 58456
2740574 58773
1532268 58933
2420946 58950
144422014 58977
3825776 59063
25487 59085
121909527 59086
2281617 59130
28940271 59138
908922 59171
198846 59318
7651446 59485
2073711 59490
34139813 59498
7501331 59513
2235040 59573
1585215 59578
182549 59625
908922 59656
2230926 59820
1994090 59992
3197999 60156
55886062 60172
16944 60218
10468017 60258
587777732 60290
699 60425
80356655 60493
2811712 60541
10871777 60620
2298566 60751
2257212 61107
12402521 61135
10248420 61289
2188380 61347
17026688 61431
11200638 61432
10505806 61467
7743761 61581
1136287 61583
7816345 61657
2697962 61882
909525 62099
602662 62131
6908425 62224
2156921 62262
3218536 62266
121909521 62334
2290602 62443
1219648 62550
56411402 62667
420259 275
2303138 695
2032583 1035
7743761 5093
7927894 7541
27072 11013
4794067 13287
721048 19636
10033464 21303
4950928 27138
10911193 28918
7923837 31243
2200733 31644
27072 35004
3843763 41575
1015362 44656
2032583 49188
10757278 51802
17036170 54171
402710 54701
13153971 59038
2230600 59892
4073582 62072
58597806 1555
801114 1807
4474514 2117
7538876 2378
4489954 3904
11842874 7956
143383 16764
3784709 18054
2003046 18172
28933375 23708
3825942 30093
2188380 40477
5400 44815
854560 46273
9402571 46785
2269475 48000
1801260 48418
37973 52097
4474514 54935
1128535 57675
3135388 58047
7216389 60508
2735839 62080
10050860 2101
9282860 2744
17250932 4129
5400 11379
8085664 14132
8055236 21858
3736228 23226
9275596 24656
1799930 28953
1047286 29551
1042713 30892
7192 33636
1447295 36598
1052576 40918
8055236 41327
2024513 46018
4132601 47474
11466023 54769
1006737 56116
4295627 29812
2227692 3669
3775948 9118
10801935 9278
2981745 10259
2046210 12437
3738414 12940
11523871 13508
763035 13707
3775948 14619
2059693 14879
3025786 15605
1260326 15610
356219 16955
3843763 18356
1057868 18833
33980500 20350
11523871 26014
4959039 34778
3025786 35166
1537415 36069
2981745 36368
2736100 36489
2227692 39673
3758650 49302
2549782 49939
3865444 59500
3764880 60826
2735839 62661
1063192 102
9303277 125
2280714 477
5911 841
12948217 908
924607 1195
729302 1569
4027132 1943
6532197 2188
401681 2482
699473 2509
1667394 2695
17319721 2707
6006460 2719
5888 2749
34516635 2781
599839 3230
17756311 3358
7850258 3466
1799950 3521
2494732 3633
27388 3634
13149290 3698
6710341 4063
6505162 4298
11171739 4504
34516635 4755
17319721 4856
4073582 4878
11136000 5120
117767867 5475
16973225 5561
2282679 5786
2272127 5795
4939883 5827
3764880 6069
17367504 6191
56161402 6877
1375144 7193
6591536 7218
16944 7671
599839 7750
763361 7910
11031006 8224
16953002 8695
2853498 8909
28362263 9086
2007153 9124
1861494 9334
6896702 9401
9282671 9639
4656461 9691
2241880 9762
3790844 9849
10859871 10011
4626664 10063
501120 10120
1169300 10429
2236225 10605
12469063 10612
9561778 10650
358806 10654
1165205 10749
121908009 11327
28940580 12233
710521 12321
1223271 12408
1800111 12835
1052576 13062
1800056 13206
17221417 13291
5031017 13345
2070074 13478
10895068 13559
11465770 13787
872071 14113
4939883 14145
28937900 14368
6498169 14649
6601764 14734
2074356 15080
887391 15335
3743930 15539
9939609 16216
9561778 16322
6427528 16501
2032582 16518
10492519 16678
1800454 17409
5968255 17842
10464059 17886
70991108 17913
807701 17914
13181 18031
7041 18270
4785763 18315
1892534 18676
7536563 18787
4986761 18864
2736990 19828
2207418 19985
2300478 20282
3814570 20485
11465770 20931
7089424 21048
13376333 21053
16973225 21565
3214759 21620
12037606 21726
2881766 21787
2007153 21802
10993994 22052
117767867 22663
2032582 23055
1994090 23125
1154155 23287
6974491 23471
763035 23847
3754777 24055
1975197 24284
3865444 25069
5443 25334
464049 25472
486907 25836
3125923 25920
11031006 26544
1799750 26607
1360517 27131
17261572 27226
420259 27498
3745516 27502
12593813 27545
10980705 27714
1571801 27964
1800057 28035
6591536 28101
10859871 28115
28371733 28204
12212067 28492
2881766 28518
1050631 28529
7454108 28862
10757272 29156
2286812 29563
4506565 29755
61757781 30172
4639334 30248
3923809 30353
3782179 30491
2076295 31012
393152 32082
3212227 32214
5219 32480
12212067 32847
1012053 33493
225014 33824
2464196 33891
610932 34154
419788 34169
4982731 34392
6812193 34466
3851179 34548
12210050 34835
3825776 34874
699473 34986
6006460 35596
16991615 35721
7025486 36285
3790565 37311
28933693 37573
3851179 37969
7454108 38332
619203 38497
12210050 38844
9282671 38898
7341475 38907
10784502 39103
121908008 39277
4845618 39877
4489954 40060
11031006 40146
1801020 40578
4538475 40588
28694718 40691
28936383 40784
12212067 40789
3087243 41007
3735972 41704
4979462 41979
1800058 42204
30187 42281
1385699 42527
1135840 42834
464049 42945
10816625 43086
1801274 43408
9652490 43502
2177369 44349
1801020 44610
6908425 45103
5743708 45245
16991615 45275
1063192 45402
975278 45772
10895068 46008
225014 46321
6604026 46576
144848 46861
2007153 46990
4585 47052
10816625 47187
17293443 47256
6435862 47309
4481887 47415
4331145 47580
11465804 47694
4464148 48108
4149274 48460
1800054 48612
12252 48987
1800796 49140
10524523 49249
729302 49256
309375 49492
12431733 49684
1799941 50186
2697962 50399
11635424 50444
9642880 51370
3784709 51649
34276300 51806
12498742 52084
492602 52300
199533 52538
140701 52559
1234 53085
2272127 53105
28362263 53184
165599 53204
11465804 53329
28694718 53394
4785763 53532
1867277 53576
4570625 53658
420259 53725
401681 53974
6591536 54084
6427528 54384
1042725 54572
5030867 54721
2280714 55360
3843763 55378
700651 55604
13149290 55640
4639334 55732
449647 55908
1667394 56534
1026732 56892
464049 57030
17293443 57260
7774434 57284
356220 57642
4331145 57796
1045485 58577
642961 58949
309375 59089
10260404 59119
10889677 59460
140701 59771
121908007 59782
10513789 59977
11136000 60038
4987076 60509
1801274 60735
10883365 60909
4977574 61036
966221 61090
1042725 61132
3087243 61370
3814570 61399
4939827 61403
6471482 61475
10509305 61665
995030 61675
4149274 61708
17115100 61773
872071 62494
10754339 1069
11012732 5860
6495446 6155
16888589 8726
1801157 11572
1447295 12376
6010620 12847
4959039 13198
1799782 13523
3849942 15261
2046210 18770
4977756 19656
17672135 20307
4648022 21500
1545843 23775
2230201 25219
2237897 25551
13294895 27775
498872 28004
10516487 28409
13294895 29136
179247 30922
2252586 31500
2072590 32528
2665390 34208
2294008 34500
1805127 35830
7529229 37533
10050860 37990
9960767 38684
1800693 38914
8050136 38916
10865331 42366
1126497 43120
12770228 44315
8176058 46134
4795067 46846
1801157 47965
1126497 48706
689466 48834
498422 49247
4320932 49968
3131296 51590
9402571 53464
11842874 58618
7025486 62483
13208321 20385
17465637 14061
16847548 7412
1042713 12417
10050860 13005
498422 14968
599839 15384
2295490 16170
10166942 16584
3129878 16932
4295627 18089
34330 20537
2549782 22223
1434536 24415
1047286 25173
10947262 26537
4958847 30107
2295490 31238
501120 32718
2361502 36926
110419 37667
1031681 38311
3736228 39696
13361189 40637
356219 40709
34330 43229
1047031 45352
2736100 47835
9858542 50179
1800454 50360
1799782 52356
10754339 52401
2059693 52701
9306160 56984
1375144 57916
35677470 58199
1260326 58200
393152 58684
2024513 62094
748404 5558
2236225 7826
366631 13357
10513789 15616
366631 23686
10088218 36498
10741657 39099
13387042 50966
366631 59243
582757 13581
2295190 681
16953002 966
2149954 1008
1344706 1543
6897876 1810
3818361 2764
8050136 3421
1007371 3647
2223841 3807
2651899 3875
6036025 3976
12050604 4686
6048 5583
2070074 5838
393152 5871
4795067 6045
9303542 6443
2472297 7047
3849942 8634
35677470 8911
4977756 9328
9306160 10746
1049296 10919
9858542 11902
2072590 14035
10865331 14751
28647808 15275
6625163 16556
11246226 17193
6010620 17687
2237897 19980
4686484 20959
909525 21925
11037909 23093
2665390 23552
4496877 24023
30187 24661
2076295 24832
1064039 26748
3760511 26893
28647808 27989
2472297 28098
13333226 29454
4474514 29866
2814707 30204
11842874 31813
143383 32046
3129878 32226
610932 32340
5370 32513
6048 33437
4686484 34008
2302009 34347
449647 34875
10937273 36347
6968865 36587
419788 37848
429358 38997
1892534 39948
6968865 40170
2814707 40902
11190302 41510
10516487 41785
4648022 41860
3740878 42668
28647808 43446
9960767 44078
498872 47343
249954 47746
1800693 48296
2252586 48423
2056116 49653
689466 51668
3131296 51844
4324715 54937
2267013 56776
4648317 56819
11172113 56959
5370 57587
1805388 57799
11190302 59209
4320932 62687
13208321 40720
3802842 18779
17465637 28543
2278206 49315
748404 43909
7568369 213
61735045 972
3818361 3005
13333226 4401
249954 4747
31489 5286
7794745 6001
234706 6117
713598 6208
688034 7302
7611694 9099
2295190 10286
4977574 10989
6495446 11202
167771 11416
1800450 11454
16891982 12807
10166942 13758
11110912 14625
6897876 14678
11209026 15524
1344706 15738
713598 17122
6812193 17730
2828520 17847
11650494 19329
889312 20789
2149954 22811
4880 23200
838133 23672
13387042 24132
1049296 24514
7412 24714
2653349 24986
838133 25004
4324715 25051
11110912 25157
1801253 25466
2651899 26484
363050 26634
7171755 26737
4496877 26928
713598 26990
11037909 29165
6800901 29803
11650494 30235
889312 30775
363050 31707
1229984 31734
5945572 33274
3758549 33410
2293347 35196
1799913 35544
4880 35920
4880 40389
925391 43163
4988235 43649
3740878 44040
964201 44788
610932 45056
1736557 46184
4988235 46334
2267013 48467
365990 50413
4794067 50731
7412 52033
11172113 53033
7568369 53727
9303542 54633
309375 55308
1799966 56569
997669 56699
7151526 57259
34516635 57785
10246939 59404
16891982 59943
10495584 60302
17250932 60659
7171755 60750
1726866 61430
795484 61646
11650354 61764
2229765 62126
12050604 41638
2291834 12637
1800057 23865
2291834 42334
1800054 48292
1892534 52012
1800056 55559
1800058 59289
1784931 43816
10892759 45278
4149579 6
1800255 281
72549334 338
11246226 363
3087243 386
7107418 457
7683365 503
2736990 750
5030865 810
492602 914
10761659 1438
45551636 1442
2235067 1487
28897686 1688
121918681 1717
2854128 1829
3732378 2046
11214077 2100
6166 2223
10984447 2606
4538475 2735
13149290 2748
2302009 3152
1375144 3446
10248420 3460
1804197 3927
12469063 4192
11466024 4488
2235040 5037
149391396 5181
9378252 5724
10757272 5891
3923890 5943
12752888 6114
9561778 6287
492602 6728
4273077 6754
6532197 6777
2283123 7043
364897 7051
2011077 7086
72549332 7204
11570112 7390
3194051 7490
17026688 7859
6746030 8012
80358250 8067
2546890 8160
12746200 8464
121909519 8493
1566734 8858
2494732 8959
1801020 9470
1800547 9497
5030882 9498
1601012 9666
3738919 10319
1058396 10330
2032597 10563
28399444 10773
2546890 11011
744373 11078
12571093 11199
9341301 11275
3923890 11486
10127939 12146
2853493 12487
1801272 12760
1045642 12849
11601907 12987
3784709 13033
28757581 13158
12510549 13431
149481147 13610
1975197 13643
4792311 13686
72549326 13985
61735045 14166
12746200 14227
2235067 14715
1165205 14794
10488631 15170
520354 15197
11246226 15399
4027132 15676
145999145 15777
3825776 15956
2854747 15972
7850258 16350
1861046 16364
3785143 16528
1800407 16546
2235040 17459
80358249 17559
72549325 17973
11171739 18015
28757581 18099
149481147 18429
7687256 18507
72921001 18576
11983225 18638
6994992 18757
1800469 18788
10464059 19196
28933072 19684
807701 19769
17316597 19946
729302 20133
72549323 20159
2273697 20707
13181 20722
140701 20949
7687256 21162
9652490 21551
5326 21758
12483377 21786
149391396 21872
1223271 22633
16953002 23072
2267735 23392
1994090 23928
1800401 24130
165599 24141
2351299 24270
1801274 24322
45551636 24736
6807362 24831
1058396 24998
2032582 25008
1800407 25103
2351299 25132
1800860 25225
10741657 25433
121908287 25442
3807153 25675
10504861 25752
6812193 26579
16990018 26680
12041331 26781
1026732 26790
182549 26807
12003612 26844
11635424 26850
1143674 27174
13447354 27181
1061147 27196
27388 27217
699473 27593
34502690 27709
6932590 27773
7771980 27795
12752888 27829
78242949 28424
12593813 29126
3790565 29178
926103 29185
11466024 29433
2060793 30314
4939827 30952
6583817 31100
2952768 31178
1835740 31390
2300478 31643
61733458 31739
3914132 31870
6994992 31897
11983225 31939
7574865 31958
6583817 32020
1800547 32297
2229813 32597
61731956 32650
140559739 32752
13333226 32853
4626664 33100
2853499 33202
3749977 33427
6048 33547
3749977 33661
2435357 33905
2697962 33989
6746030 34199
10151259 34246
2280714 34471
142951029 34501
3749977 34593
10260404 34751
1052576 34833
9357271 34853
121918679 34891
7850258 34988
761100 35110
12718541 35302
828907 35743
2227852 36077
1058396 36175
4986761 36201
10883365 36209
11974297 36355
28937908 36418
6896702 36605
763361 36788
12696304 36874
11214077 37307
12416000 37540
2329340 37769
72549325 38004
6974491 38239
61630004 38273
1601012 38331
1143674 38444
3735684 38881
6441286 38971
12696304 39000
9341296 39066
800292 39595
1799990 40034
78242949 40100
2814778 40285
663048 40744
35948326 40749
2952768 40935
3194051 40941
1835740 40943
2295490 41072
1800896 41195
1800469 41600
838133 41920
10248420 42774
486907 42817
2854747 43084
121918680 43098
11636232 43127
6932590 43145
9303277 43349
11549407 43662
4939827 43780
28757581 43927
11362 43989
7683365 44189
642961 44227
12571093 44523
7910977 44684
7171755 44918
358806 44970
2230288 45197
679620 45495
10096097 45754
1800401 45896
2283123 46000
6908425 46009
7774434 46599
2319818 46759
1800407 46902
4148739 46940
387906503 46957
2881766 47339
1800401 47656
182549 48376
2854747 48377
5743289 48619
12752888 49191
3814570 49400
35948326 49605
28371733 49740
140559739 49996
3923809 50026
72549321 50028
12934922 50219
10096097 50928
6601764 50931
3785143 51056
1800469 51218
387906503 51241
2282679 51460
4464148 51494
4324715 51589
1048661 51669
7683365 51749
2283123 51786
187116 51859
167771 52030
2546890 52046
10492519 52110
11761683 52505
7687256 52519
4979462 52548
590787 52657
7682260 52673
187116 52897
2156921 52989
1800547 53411
4273077 54206
10501570 54257
1063192 54322
10980705 54330
590787 54500
61733458 54553
2952768 55446
7682260 55610
3735684 55632
4778138 55931
6700998 55970
5174 56036
10784502 56318
650108 56754
72549330 57150
2044859 57276
4696480 57640
700651 57667
72549331 57792
590787 58111
12934922 58127
9378252 58293
10481151 58457
9536062 58978
3827760 59173
61731956 59288
3745516 59727
4148739 59862
12431733 59911
72549322 60540
7682260 60667
987525 60697
798766 60699
591058 60752
28399433 60760
199533 60816
61757781 61041
5911 61282
2351299 61316
7771980 61408
6603272 61423
2273697 61610
61630004 61630
2228000 61871
2229813 61921
4489954 61979
6710341 62027
7910977 62152
12037606 62192
13316193 6784
13316193 37927
2230267 95
736839 1080
1450425 5662
6152 6633
1154510 9120
332 12129
736839 13944
736839 15140
1800278 15385
1799989 17432
332 18201
1800972 18804
36210423 21232
448740 22081
1047031 24983
35383149 32694
192861143 36880
1055138 37045
11570112 42773
41549716 43771
113449357 44175
1450425 48971
2230267 49688
237025 51613
2230288 52165
1048661 52921
36210423 53337
1128535 53350
364897 54594
41549716 55389
36094464 56034
1055138 57332
113449357 62378
1804495 27602
28937899 51888
131702 24349
7566605 33608
1268524 58856
1800972 61540
1027557 162
1080985 1823
121918481 3391
1421085 4428
965513 5646
12416000 5851
1726866 6661
324650 9428
1061235 12923
601338 13535
10513025 14152
1800629 14993
3807153 15855
1080983 17797
2070744 19440
471767 22537
601338 26699
1804495 27453
80338917 28477
1801282 35810
5400 37249
10246939 38362
324650 39012
1268524 39177
1057910 42377
891512 43638
4331145 44570
251124 45591
2853498 46058
16947 46654
12021720 47010
2853493 47412
1799853 47690
1143674 51325
503362 51955
1080985 52207
363050 53457
2373115 55504
1726866 56732
55705857 56868
1018381 57610
10246939 59013
2854128 59121
2853499 59888
13265557 61943
12021720 25850
500760 22274
500760 18739
